扭矩,料温,压力,转速,时间,温度1,温度2,温度3,温度4,温度5,温度6,温度7,温度8,顶栓,能量
1.6,180.6,6.19,0.0,0,180.0,180.0,180.0,500.0,500.0,0.0,0.0,0.0,0.2,0.00
1.6,180.6,6.19,4.6,1,180.0,180.0,180.1,500.0,500.0,0.0,0.0,0.0,0.2,0.00
1.5,180.6,6.19,13.8,2,180.0,180.0,180.1,500.0,500.0,0.0,0.0,0.0,0.3,0.00
1.5,180.6,6.19,23.6,3,180.0,180.0,180.1,500.0,500.0,0.0,0.0,0.0,0.3,0.00
1.4,180.6,6.19,33.6,4,180.0,180.0,180.1,500.0,500.0,0.0,0.0,0.0,0.3,0.00
1.5,180.6,6.19,43.6,5,180.0,180.0,180.1,500.0,500.0,0.0,0.0,0.0,0.3,0.00
1.5,180.6,6.19,49.0,6,180.0,180.0,180.1,500.0,500.0,0.0,0.0,0.0,0.3,0.00
1.5,180.6,6.19,49.8,7,180.0,180.0,180.1,500.0,500.0,0.0,0.0,0.0,0.3,0.01
1.5,180.6,6.19,50.0,8,180.0,180.0,180.1,500.0,500.0,0.0,0.0,0.0,0.3,0.01
1.5,180.6,6.19,50.0,9,180.0,180.0,180.1,500.0,500.0,0.0,0.0,0.0,0.3,0.01
1.5,180.6,6.19,50.0,10,180.0,180.0,180.1,500.0,500.0,0.0,0.0,0.0,0.3,0.01
1.5,180.6,6.19,49.8,11,180.0,180.0,180.1,500.0,500.0,0.0,0.0,0.0,0.3,0.01
1.5,180.5,6.19,49.8,12,180.0,180.0,180.1,500.0,500.0,0.0,0.0,0.0,0.3,0.01
1.5,180.5,6.19,49.8,13,180.0,180.0,180.1,500.0,500.0,0.0,0.0,0.0,0.3,0.01
1.5,180.5,6.19,49.8,14,180.0,180.0,180.1,500.0,500.0,0.0,0.0,0.0,0.3,0.01
1.5,180.5,6.19,49.8,15,180.0,180.0,180.1,500.0,500.0,0.0,0.0,0.0,0.3,0.02
1.5,180.5,6.19,50.0,16,180.0,180.0,180.1,500.0,500.0,0.0,0.0,0.0,0.3,0.02
1.5,180.5,6.19,50.0,17,180.0,180.0,180.1,500.0,500.0,0.0,0.0,0.0,0.3,0.02
1.5,180.5,6.19,49.8,18,180.0,180.0,180.1,500.0,500.0,0.0,0.0,0.0,0.3,0.02
1.5,180.5,6.19,49.8,19,180.0,180.0,180.1,500.0,500.0,0.0,0.0,0.0,0.3,0.02
1.5,180.5,6.19,49.8,20,180.0,180.0,180.1,500.0,500.0,0.0,0.0,0.0,0.3,0.02
1.5,180.6,6.19,49.8,21,180.0,180.0,180.1,500.0,500.0,0.0,0.0,0.0,0.3,0.02
1.5,180.6,6.19,49.8,22,180.0,180.0,180.1,500.0,500.0,0.0,0.0,0.0,0.3,0.02
1.6,180.6,6.19,49.8,23,180.0,180.0,180.1,500.0,500.0,0.0,0.0,0.0,0.3,0.03
1.6,180.6,6.19,49.8,24,180.0,180.0,180.1,500.0,500.0,0.0,0.0,0.0,0.3,0.03
1.5,180.6,6.19,49.8,25,180.0,180.0,180.1,500.0,500.0,0.0,0.0,0.0,0.3,0.03
1.5,180.6,6.19,49.8,26,180.0,180.0,180.1,500.0,500.0,0.0,0.0,0.0,0.3,0.03
1.5,180.6,6.19,49.8,27,180.0,180.0,180.1,500.0,500.0,0.0,0.0,0.0,0.3,0.03
1.5,180.6,6.19,50.0,28,180.0,180.0,180.1,500.0,500.0,0.0,0.0,0.0,0.3,0.03
1.5,180.6,6.19,50.0,29,180.0,180.0,180.1,500.0,500.0,0.0,0.0,0.0,0.3,0.03
1.5,180.6,6.19,49.8,30,180.0,180.0,180.1,500.0,500.0,0.0,0.0,0.0,0.3,0.03
1.5,180.6,6.19,49.8,31,180.0,180.0,180.2,500.0,500.0,0.0,0.0,0.0,0.3,0.04
1.5,180.6,6.19,49.8,32,180.0,180.0,180.2,500.0,500.0,0.0,0.0,0.0,0.3,0.04
1.6,180.6,6.19,49.6,33,180.0,180.0,180.2,500.0,500.0,0.0,0.0,0.0,0.3,0.04
1.6,180.6,6.19,49.6,34,180.0,180.0,180.2,500.0,500.0,0.0,0.0,0.0,0.3,0.04
1.6,180.6,6.19,49.6,35,180.0,180.0,180.2,500.0,500.0,0.0,0.0,0.0,0.3,0.04
1.5,180.4,6.19,49.4,36,180.0,180.0,180.2,500.0,500.0,0.0,0.0,0.0,0.3,0.04
1.5,180.0,6.19,49.4,37,180.0,180.0,180.2,500.0,500.0,0.0,0.0,0.0,0.3,0.04
1.4,179.2,6.19,49.6,38,180.0,180.0,180.1,500.0,500.0,0.0,0.0,0.0,0.3,0.04
1.3,178.4,6.19,49.6,39,180.0,180.0,180.1,500.0,500.0,0.0,0.0,0.0,0.3,0.05
1.1,177.4,6.19,49.8,40,180.0,180.0,180.1,500.0,500.0,0.0,0.0,0.0,0.3,0.05
1.1,176.5,6.19,50.0,41,180.0,180.0,180.1,500.0,500.0,0.0,0.0,0.0,0.3,0.05
1.0,175.7,6.19,49.8,42,180.0,180.0,180.1,500.0,500.0,0.0,0.0,0.0,0.3,0.05
0.9,175.2,6.19,49.8,43,180.0,180.0,180.1,500.0,500.0,0.0,0.0,0.0,0.3,0.05
0.9,174.8,6.19,49.8,44,180.0,180.0,180.1,500.0,500.0,0.0,0.0,0.0,0.3,0.05
0.9,174.3,6.19,49.6,45,180.0,180.0,180.1,500.0,500.0,0.0,0.0,0.0,0.3,0.05
0.9,173.7,6.19,49.6,46,180.0,180.0,180.1,500.0,500.0,0.0,0.0,0.0,0.3,0.05
0.9,173.3,6.19,49.8,47,180.0,180.0,180.1,500.0,500.0,0.0,0.0,0.0,0.3,0.05
0.8,172.9,6.19,49.8,48,180.0,180.0,180.1,500.0,500.0,0.0,0.0,0.0,0.3,0.05
0.8,172.6,6.19,49.8,49,180.0,180.0,180.1,500.0,500.0,0.0,0.0,0.0,0.3,0.05
0.8,172.3,6.19,50.0,50,180.0,180.0,180.1,500.0,500.0,0.0,0.0,0.0,0.3,0.05
0.7,172.1,6.19,49.8,51,180.0,180.0,180.1,500.0,500.0,0.0,0.0,0.0,0.3,0.05
0.7,171.8,6.19,49.8,52,180.0,180.0,180.1,500.0,500.0,0.0,0.0,0.0,0.3,0.05
0.6,171.6,6.19,49.6,53,180.0,180.0,180.1,500.0,500.0,0.0,0.0,0.0,0.3,0.06
0.6,171.4,6.19,49.6,54,180.0,180.0,180.1,500.0,500.0,0.0,0.0,0.0,0.3,0.06
0.5,171.2,6.19,49.6,55,180.0,180.0,180.1,500.0,500.0,0.0,0.0,0.0,0.3,0.06
0.4,171.0,6.19,49.6,56,180.0,180.0,180.1,500.0,500.0,0.0,0.0,0.0,0.3,0.06
0.3,170.8,6.19,49.6,57,180.0,180.0,180.1,500.0,500.0,0.0,0.0,0.0,0.3,0.06
0.2,170.6,6.19,49.8,58,180.0,180.0,180.0,500.0,500.0,0.0,0.0,0.0,0.3,0.06
0.2,170.2,6.19,49.8,59,180.0,180.0,180.0,500.0,500.0,0.0,0.0,0.0,0.3,0.06
0.5,169.8,6.19,49.8,60,180.0,180.0,180.0,500.0,500.0,0.0,0.0,0.0,0.3,0.06
0.8,169.3,6.19,49.8,61,180.0,180.0,180.0,500.0,500.0,0.0,0.0,0.0,0.3,0.06
1.2,168.8,6.19,49.8,62,180.0,180.0,180.0,500.0,500.0,0.0,0.0,0.0,0.3,0.06
1.4,168.4,6.19,49.8,63,180.0,180.0,180.0,500.0,500.0,0.0,0.0,0.0,0.3,0.06
1.6,167.8,6.19,49.8,64,180.0,180.0,180.0,500.0,500.0,0.0,0.0,0.0,0.3,0.06
1.9,167.3,6.19,49.8,65,180.0,180.0,180.0,500.0,500.0,0.0,0.0,0.0,0.3,0.06
2.1,166.9,6.19,50.0,66,180.0,180.0,180.0,500.0,500.0,0.0,0.0,0.0,0.3,0.07
2.6,166.6,6.19,50.0,67,180.0,180.0,180.0,500.0,500.0,0.0,0.0,0.0,0.3,0.07
3.0,166.5,6.19,50.0,68,180.0,180.0,180.0,500.0,500.0,0.0,0.0,0.0,0.3,0.07
3.3,166.4,6.19,50.0,69,180.0,180.0,180.0,500.0,500.0,0.0,0.0,0.0,0.3,0.07
3.2,166.6,6.19,49.8,70,180.0,180.0,180.0,500.0,500.0,0.0,0.0,0.0,0.3,0.08
3.3,166.7,6.19,49.6,71,180.0,180.0,180.0,500.0,500.0,0.0,0.0,0.0,0.3,0.08
2.6,166.7,6.19,49.8,72,180.0,180.0,180.0,500.0,500.0,0.0,0.0,0.0,0.3,0.08
2.1,166.6,6.19,49.8,73,180.0,180.0,180.0,500.0,500.0,0.0,0.0,0.0,0.3,0.08
1.5,166.6,6.19,49.8,74,180.0,180.0,180.0,500.0,500.0,0.0,0.0,0.0,0.3,0.08
1.2,166.8,6.19,50.0,75,180.0,180.0,180.0,500.0,500.0,0.0,0.0,0.0,0.3,0.08
0.6,167.0,6.19,50.2,76,180.0,180.0,180.0,500.0,500.0,0.0,0.0,0.0,0.3,0.08
0.6,167.2,6.19,50.0,77,180.0,180.0,180.0,500.0,500.0,0.0,0.0,0.0,0.3,0.08
0.6,167.3,6.19,50.0,78,180.0,180.0,180.0,500.0,500.0,0.0,0.0,0.0,0.3,0.09
0.7,167.4,6.19,50.0,79,180.0,180.0,180.0,500.0,500.0,0.0,0.0,0.0,0.3,0.09
0.6,167.4,6.19,50.0,80,180.0,180.0,180.0,500.0,500.0,0.0,0.0,0.0,0.3,0.09
0.5,167.4,6.19,50.0,81,180.0,180.0,180.0,500.0,500.0,0.0,0.0,0.0,0.3,0.09
0.4,167.5,6.19,50.0,82,179.9,180.0,180.0,500.0,500.0,0.0,0.0,0.0,0.3,0.09
0.5,167.6,6.19,49.8,83,179.9,180.0,180.0,500.0,500.0,0.0,0.0,0.0,0.3,0.09
0.5,167.6,6.19,49.8,84,179.9,180.0,180.0,500.0,500.0,0.0,0.0,0.0,0.3,0.09
0.4,167.7,6.19,49.8,85,179.9,180.0,180.0,500.0,500.0,0.0,0.0,0.0,0.3,0.09
0.4,167.7,6.19,49.8,86,179.9,180.0,180.0,500.0,500.0,0.0,0.0,0.0,0.3,0.09
0.5,167.8,6.19,49.8,87,179.9,180.0,180.0,500.0,500.0,0.0,0.0,0.0,0.3,0.09
0.3,167.9,6.19,49.8,88,179.9,180.0,180.0,500.0,500.0,0.0,0.0,0.0,0.3,0.09
0.4,168.0,6.19,49.8,89,179.9,180.0,180.0,500.0,500.0,0.0,0.0,0.0,0.3,0.09
0.4,168.1,6.19,49.8,90,179.9,180.0,180.0,500.0,500.0,0.0,0.0,0.0,0.3,0.09
0.3,168.2,6.19,49.8,91,179.9,180.0,180.0,500.0,500.0,0.0,0.0,0.0,0.3,0.09
0.2,168.4,6.19,49.8,92,179.9,180.0,180.0,500.0,500.0,0.0,0.0,0.0,0.3,0.09
0.2,168.5,6.19,50.0,93,179.9,180.0,180.0,500.0,500.0,0.0,0.0,0.0,0.3,0.09
0.2,168.7,6.19,50.0,94,179.9,180.0,180.0,500.0,500.0,0.0,0.0,0.0,0.3,0.09
0.1,168.9,6.19,49.8,95,179.9,180.0,180.0,500.0,500.0,0.0,0.0,0.0,0.3,0.09
0.1,169.1,6.19,49.8,96,179.9,180.0,180.0,500.0,500.0,0.0,0.0,0.0,0.3,0.09
0.3,169.3,6.19,49.8,97,179.9,180.0,180.0,500.0,500.0,0.0,0.0,0.0,0.3,0.09
0.3,169.5,6.19,49.8,98,180.0,180.0,180.0,500.0,500.0,0.0,0.0,0.0,0.3,0.09
0.3,169.6,6.19,49.8,99,180.0,180.0,180.0,500.0,500.0,0.0,0.0,0.0,0.3,0.09
0.4,169.7,6.19,50.0,100,180.0,180.0,180.0,500.0,500.0,0.0,0.0,0.0,0.3,0.09
0.4,169.8,6.19,49.8,101,180.0,180.0,180.0,500.0,500.0,0.0,0.0,0.0,0.3,0.09
0.3,169.9,6.19,49.6,102,180.0,180.0,180.0,500.0,500.0,0.0,0.0,0.0,0.3,0.09
0.2,169.9,6.19,49.6,103,180.0,180.0,180.0,500.0,500.0,0.0,0.0,0.0,0.3,0.09
0.3,170.0,6.19,49.6,104,180.0,180.0,180.0,500.0,500.0,0.0,0.0,0.0,0.3,0.09
0.2,170.1,6.19,49.6,105,180.0,180.0,180.0,500.0,500.0,0.0,0.0,0.0,0.3,0.09
0.2,170.1,6.19,49.8,106,180.0,180.0,180.0,500.0,500.0,0.0,0.0,0.0,0.3,0.09
0.4,170.1,6.19,49.8,107,180.0,180.0,180.0,500.0,500.0,0.0,0.0,0.0,0.3,0.09
0.5,170.1,6.19,49.8,108,180.0,180.0,180.0,500.0,500.0,0.0,0.0,0.0,0.3,0.09
0.6,170.1,6.19,49.8,109,180.0,180.0,180.0,500.0,500.0,0.0,0.0,0.0,0.3,0.09
0.7,170.1,6.19,49.8,110,180.0,180.0,180.0,500.0,500.0,0.0,0.0,0.0,0.3,0.10
0.7,170.1,6.19,49.8,111,180.0,180.0,180.0,500.0,500.0,0.0,0.0,0.0,0.3,0.10
0.7,170.1,6.19,49.8,112,180.0,180.0,180.0,500.0,500.0,0.0,0.0,0.0,0.3,0.10
0.6,170.1,6.19,49.6,113,180.0,180.0,180.0,500.0,500.0,0.0,0.0,0.0,0.3,0.10
0.6,170.1,6.19,49.6,114,180.0,180.0,180.0,500.0,500.0,0.0,0.0,0.0,0.3,0.10
0.8,170.1,6.19,49.6,115,180.0,180.0,180.0,500.0,500.0,0.0,0.0,0.0,0.3,0.10
1.0,170.1,6.19,49.4,116,180.0,180.0,180.0,500.0,500.0,0.0,0.0,0.0,0.3,0.10
1.1,170.0,6.19,49.6,117,180.0,180.0,180.0,500.0,500.0,0.0,0.0,0.0,0.3,0.10
1.4,170.0,6.19,49.6,118,180.0,180.0,180.0,500.0,500.0,0.0,0.0,0.0,0.3,0.10
1.8,169.9,6.19,49.6,119,180.0,180.0,180.0,500.0,500.0,0.0,0.0,0.0,0.3,0.10
2.0,169.7,6.19,49.6,120,180.0,180.0,180.0,500.0,500.0,0.0,0.0,0.0,0.3,0.10
2.1,169.4,6.19,49.8,121,180.0,180.0,180.0,500.0,500.0,0.0,0.0,0.0,0.3,0.11
2.3,168.9,6.19,49.8,122,180.0,180.0,180.0,500.0,500.0,0.0,0.0,0.0,0.3,0.11
2.5,168.4,6.19,50.0,123,180.0,180.0,180.0,500.0,500.0,0.0,0.0,0.0,0.3,0.11
2.7,167.8,6.19,50.0,124,180.0,180.0,180.0,500.0,500.0,0.0,0.0,0.0,0.3,0.11
3.2,167.3,6.19,50.0,125,180.0,180.0,180.0,500.0,500.0,0.0,0.0,0.0,0.3,0.11
3.5,167.0,6.19,50.0,126,180.0,180.0,180.0,500.0,500.0,0.0,0.0,0.0,0.3,0.12
3.9,166.7,6.19,49.8,127,180.0,180.0,180.0,500.0,500.0,0.0,0.0,0.0,0.3,0.12
4.3,166.5,6.19,49.8,128,180.0,180.0,180.0,500.0,500.0,0.0,0.0,0.0,0.3,0.12
4.7,166.3,6.19,49.8,129,180.0,180.0,180.0,500.0,500.0,0.0,0.0,0.0,0.3,0.13
4.9,166.0,6.19,49.8,130,180.0,180.0,180.0,500.0,500.0,0.0,0.0,0.0,0.3,0.13
5.4,165.8,6.19,49.8,131,180.0,180.0,180.0,500.0,500.0,0.0,0.0,0.0,0.3,0.14
5.7,165.7,6.19,49.8,132,180.0,180.0,180.0,500.0,500.0,0.0,0.0,0.0,0.3,0.14
5.6,165.8,6.19,49.8,133,180.0,180.0,180.0,500.0,500.0,0.0,0.0,0.0,0.3,0.15
5.6,166.2,6.19,49.8,134,180.0,180.0,180.0,500.0,500.0,0.0,0.0,0.0,0.3,0.15
5.6,166.5,6.19,49.8,135,180.0,180.0,180.0,500.0,500.0,0.0,0.0,0.0,0.3,0.16
5.2,166.9,6.19,49.8,136,180.0,180.0,180.0,500.0,500.0,0.0,0.0,0.0,0.3,0.16
4.7,167.2,6.19,50.0,137,180.0,180.0,180.0,500.0,500.0,0.0,0.0,0.0,0.3,0.16
4.7,167.5,6.19,49.8,138,180.0,180.0,180.0,500.0,500.0,0.0,0.0,0.0,0.3,0.17
4.6,167.6,6.19,49.8,139,180.0,180.0,180.0,500.0,500.0,0.0,0.0,0.0,0.3,0.17
4.5,167.6,6.19,49.8,140,180.0,180.0,180.0,500.0,500.0,0.0,0.0,0.0,0.3,0.18
4.7,167.6,6.19,49.8,141,180.0,180.0,180.0,500.0,500.0,0.0,0.0,0.0,0.3,0.18
5.0,167.8,6.19,49.8,142,180.0,180.0,180.0,500.0,500.0,0.0,0.0,0.0,0.3,0.18
4.8,168.1,6.19,50.0,143,180.0,180.0,180.0,500.0,500.0,0.0,0.0,0.0,0.3,0.19
5.1,168.5,6.19,50.0,144,180.0,180.0,180.0,500.0,500.0,0.0,0.0,0.0,0.3,0.19
4.9,169.0,6.19,50.0,145,180.0,180.0,180.0,500.0,500.0,0.0,0.0,0.0,0.3,0.20
4.6,169.4,6.19,50.0,146,180.0,180.0,180.0,500.0,500.0,0.0,0.0,0.0,0.3,0.20
4.8,169.9,6.19,50.0,147,180.0,180.0,180.0,500.0,500.0,0.0,0.0,0.0,0.3,0.20
4.8,170.2,6.19,50.2,148,180.0,180.0,180.0,500.0,500.0,0.0,0.0,0.0,0.3,0.21
5.0,170.6,6.19,50.0,149,180.0,180.0,180.0,500.0,500.0,0.0,0.0,0.0,0.3,0.21
5.3,170.8,6.19,50.0,150,180.0,180.0,180.0,500.0,500.0,0.0,0.0,0.0,0.3,0.22
6.0,171.0,6.19,50.0,151,180.0,180.0,180.1,500.0,500.0,0.0,0.0,0.0,0.3,0.22
5.8,171.1,6.19,49.8,152,180.0,180.0,180.1,500.0,500.0,0.0,0.0,0.0,0.3,0.23
6.1,171.1,6.19,49.6,153,180.0,180.0,180.1,500.0,500.0,0.0,0.0,0.0,0.3,0.23
5.9,171.0,6.19,49.8,154,180.0,180.0,180.1,500.0,500.0,0.0,0.0,0.0,0.3,0.24
6.0,171.0,6.19,49.8,155,180.0,180.0,180.1,500.0,500.0,0.0,0.0,0.0,0.3,0.24
5.8,171.2,6.19,49.8,156,180.0,180.0,180.1,500.0,500.0,0.0,0.0,0.0,0.3,0.25
6.0,171.4,6.19,50.0,157,180.0,180.0,180.1,500.0,500.0,0.0,0.0,0.0,0.3,0.25
6.3,171.7,6.19,49.8,158,180.0,180.0,180.1,500.0,500.0,0.0,0.0,0.0,0.3,0.26
6.6,172.0,6.19,49.8,159,180.0,180.0,180.1,500.0,500.0,0.0,0.0,0.0,0.3,0.26
8.4,172.3,6.19,49.8,160,180.0,180.0,180.1,500.0,500.0,0.0,0.0,0.0,0.3,0.27
9.8,171.7,6.19,49.8,161,180.0,180.0,180.1,500.0,500.0,0.0,0.0,0.0,0.3,0.28
12.0,170.3,6.19,49.8,162,180.0,180.0,180.1,500.0,500.0,0.0,0.0,0.0,0.3,0.29
14.6,167.8,6.19,49.8,163,180.0,180.0,180.1,500.0,500.0,0.0,0.0,0.0,0.3,0.30
17.6,165.6,6.19,49.8,164,180.0,180.0,180.0,500.0,500.0,0.0,0.0,0.0,0.3,0.31
18.3,163.8,6.19,49.8,165,180.0,180.0,180.0,500.0,500.0,0.0,0.0,0.0,0.3,0.33
20.0,163.0,6.19,49.8,166,180.0,180.0,180.0,500.0,500.0,0.0,0.0,0.0,0.3,0.35
20.9,162.6,6.19,49.8,167,180.0,180.0,180.0,500.0,500.0,0.0,0.0,0.0,0.3,0.36
20.9,162.4,6.19,50.0,168,180.0,180.0,180.0,500.0,500.0,0.0,0.0,0.0,0.3,0.38
20.4,162.1,6.19,49.8,169,180.0,180.0,180.0,500.0,500.0,0.0,0.0,0.0,0.3,0.40
20.5,162.1,6.19,49.8,170,180.0,180.0,180.0,500.0,500.0,0.0,0.0,0.0,0.3,0.41
20.0,162.3,6.19,49.8,171,180.0,180.0,180.0,500.0,500.0,0.0,0.0,0.0,0.3,0.43
19.0,162.4,6.19,49.6,172,180.0,180.0,180.0,500.0,500.0,0.0,0.0,0.0,0.3,0.45
18.6,162.7,6.19,49.6,173,180.0,180.0,180.0,500.0,500.0,0.0,0.0,0.0,0.3,0.46
18.3,163.0,6.19,49.6,174,180.0,180.0,180.0,500.0,500.0,0.0,0.0,0.0,0.3,0.48
17.8,163.3,6.19,49.6,175,180.0,180.0,180.0,500.0,500.0,0.0,0.0,0.0,0.3,0.49
17.8,163.5,6.19,49.6,176,180.0,180.0,180.0,500.0,500.0,0.0,0.0,0.0,0.3,0.51
17.9,163.8,6.19,49.8,177,180.0,180.0,180.0,500.0,500.0,0.0,0.0,0.0,0.3,0.52
17.9,164.2,6.19,49.6,178,180.0,180.0,180.0,500.0,500.0,0.0,0.0,0.0,0.3,0.54
17.9,164.7,6.19,49.8,179,180.0,180.0,180.0,500.0,500.0,0.0,0.0,0.0,0.3,0.55
17.8,165.1,6.19,49.8,180,180.0,180.0,180.0,500.0,500.0,0.0,0.0,0.0,0.3,0.57
17.5,165.4,6.19,49.8,181,180.0,180.0,180.0,500.0,500.0,0.0,0.0,0.0,0.3,0.58
17.3,165.9,6.19,49.8,182,180.0,180.0,180.0,500.0,500.0,0.0,0.0,0.0,0.3,0.59
17.3,166.3,6.19,49.8,183,180.0,180.0,180.0,500.0,500.0,0.0,0.0,0.0,0.3,0.61
17.1,166.7,6.19,49.8,184,180.0,180.0,180.0,500.0,500.0,0.0,0.0,0.0,0.3,0.62
17.1,167.2,6.19,49.8,185,180.0,180.0,180.0,500.0,500.0,0.0,0.0,0.0,0.3,0.64
16.9,167.6,6.19,49.8,186,180.0,180.0,180.0,500.0,500.0,0.0,0.0,0.0,0.3,0.65
16.7,168.1,6.19,49.8,187,180.0,180.0,180.0,500.0,500.0,0.0,0.0,0.0,0.3,0.67
16.4,168.6,6.19,50.0,188,180.0,180.0,180.0,500.0,500.0,0.0,0.0,0.0,0.3,0.68
16.1,169.0,6.19,50.0,189,180.0,180.0,180.0,500.0,500.0,0.0,0.0,0.0,0.3,0.69
16.0,169.5,6.19,50.0,190,180.0,180.0,180.0,500.0,500.0,0.0,0.0,0.0,0.3,0.71
15.9,170.0,6.19,50.0,191,180.0,180.0,180.0,500.0,500.0,0.0,0.0,0.0,0.3,0.72
15.9,170.4,6.19,50.0,192,180.0,180.0,180.0,500.0,500.0,0.0,0.0,0.0,0.3,0.73
15.9,170.9,6.19,50.0,193,180.0,180.0,180.0,500.0,500.0,0.0,0.0,0.0,0.3,0.75
15.8,171.3,6.19,49.8,194,180.0,180.0,180.0,500.0,500.0,0.0,0.0,0.0,0.3,0.76
15.8,171.7,6.19,49.8,195,180.0,180.0,180.0,500.0,500.0,0.0,0.0,0.0,0.3,0.77
15.7,172.0,6.19,49.8,196,180.0,180.0,180.0,500.0,500.0,0.0,0.0,0.0,0.3,0.78
15.7,172.3,6.19,49.8,197,180.0,180.0,180.0,500.0,500.0,0.0,0.0,0.0,0.3,0.80
15.7,172.4,6.19,49.6,198,180.0,180.0,180.0,500.0,500.0,0.0,0.0,0.0,0.3,0.81
15.8,172.6,6.19,49.8,199,180.0,180.0,180.0,500.0,500.0,0.0,0.0,0.0,0.3,0.82
15.9,172.8,6.19,49.8,200,180.0,180.0,180.0,500.0,500.0,0.0,0.0,0.0,0.3,0.84
15.8,173.1,6.19,49.8,201,180.0,180.0,180.0,500.0,500.0,0.0,0.0,0.0,0.3,0.85
15.6,173.5,6.19,49.8,202,180.0,180.0,180.0,500.0,500.0,0.0,0.0,0.0,0.3,0.86
15.5,173.7,6.19,49.8,203,180.0,180.0,180.0,500.0,500.0,0.0,0.0,0.0,0.3,0.88
15.5,174.0,6.19,49.8,204,180.0,180.0,180.0,500.0,500.0,0.0,0.0,0.0,0.3,0.89
15.4,174.3,6.19,49.8,205,180.0,180.0,180.0,500.0,500.0,0.0,0.0,0.0,0.3,0.90
15.4,174.5,6.19,49.8,206,180.0,180.0,180.0,500.0,500.0,0.0,0.0,0.0,0.3,0.91
15.5,174.7,6.19,49.8,207,180.0,180.0,180.0,500.0,500.0,0.0,0.0,0.0,0.3,0.93
15.5,174.9,6.19,49.8,208,180.0,180.0,180.0,500.0,500.0,0.0,0.0,0.0,0.3,0.94
15.5,175.1,6.19,49.8,209,180.0,180.0,180.0,500.0,500.0,0.0,0.0,0.0,0.3,0.95
15.5,175.3,6.19,49.8,210,180.0,180.0,180.0,500.0,500.0,0.0,0.0,0.0,0.3,0.97
15.4,175.4,6.19,49.8,211,180.0,180.0,180.0,500.0,500.0,0.0,0.0,0.0,0.3,0.98
15.3,175.6,6.19,49.8,212,180.0,180.1,180.0,500.0,500.0,0.0,0.0,0.0,0.3,0.99
15.2,175.8,6.19,50.0,213,180.0,180.1,180.0,500.0,500.0,0.0,0.0,0.0,0.3,1.00
15.2,176.0,6.19,49.8,214,180.0,180.1,180.0,500.0,500.0,0.0,0.0,0.0,0.3,1.02
15.3,176.1,6.19,49.8,215,180.0,180.1,180.0,500.0,500.0,0.0,0.0,0.0,0.3,1.03
15.4,176.3,6.19,49.8,216,180.0,180.1,180.0,500.0,500.0,0.0,0.0,0.0,0.3,1.04
15.4,176.4,6.19,49.8,217,180.0,180.1,180.0,500.0,500.0,0.0,0.0,0.0,0.3,1.05
15.3,176.6,6.19,49.8,218,180.0,180.0,180.0,500.0,500.0,0.0,0.0,0.0,0.3,1.07
15.2,176.7,6.19,49.8,219,180.0,180.0,180.0,500.0,500.0,0.0,0.0,0.0,0.3,1.08
15.2,176.9,6.19,49.8,220,180.0,180.0,180.0,500.0,500.0,0.0,0.0,0.0,0.3,1.09
15.3,177.1,6.19,49.8,221,180.0,180.0,180.0,500.0,500.0,0.0,0.0,0.0,0.3,1.11
15.3,177.2,6.19,49.8,222,180.0,180.0,180.0,500.0,500.0,0.0,0.0,0.0,0.3,1.12
15.3,177.4,6.19,49.6,223,180.0,180.0,180.0,500.0,500.0,0.0,0.0,0.0,0.3,1.13
15.4,177.6,6.19,49.8,224,180.0,180.0,180.0,500.0,500.0,0.0,0.0,0.0,0.3,1.14
15.2,177.7,6.19,49.6,225,180.0,180.0,180.0,500.0,500.0,0.0,0.0,0.0,0.3,1.16
15.2,177.9,6.19,49.6,226,180.0,180.0,180.0,500.0,500.0,0.0,0.0,0.0,0.3,1.17
15.2,178.0,6.19,49.6,227,180.0,180.0,180.0,500.0,500.0,0.0,0.0,0.0,0.3,1.18
15.1,178.2,6.19,49.6,228,180.0,180.0,180.0,500.0,500.0,0.0,0.0,0.0,0.3,1.19
15.0,178.3,6.19,49.6,229,180.0,180.0,180.0,500.0,500.0,0.0,0.0,0.0,0.3,1.21
15.0,178.4,6.19,49.8,230,180.0,180.0,180.0,500.0,500.0,0.0,0.0,0.0,0.3,1.22
15.0,178.5,6.19,49.8,231,180.0,180.0,180.0,500.0,500.0,0.0,0.0,0.0,0.3,1.23
15.0,178.6,6.19,49.8,232,180.0,180.0,180.0,500.0,500.0,0.0,0.0,0.0,0.3,1.24
15.0,178.6,6.19,50.0,233,180.0,180.0,180.0,500.0,500.0,0.0,0.0,0.0,0.3,1.26
14.9,178.7,6.19,49.8,234,180.0,180.0,180.0,500.0,500.0,0.0,0.0,0.0,0.3,1.27
14.8,178.9,6.19,49.8,235,180.0,180.0,180.0,500.0,500.0,0.0,0.0,0.0,0.3,1.28
14.8,179.0,6.19,49.8,236,180.0,180.0,180.0,500.0,500.0,0.0,0.0,0.0,0.3,1.29
14.9,179.1,6.19,49.8,237,180.0,180.0,180.0,500.0,500.0,0.0,0.0,0.0,0.3,1.31
14.9,179.3,6.19,49.8,238,180.0,180.0,180.0,500.0,500.0,0.0,0.0,0.0,0.3,1.32
15.0,179.4,6.19,49.8,239,180.0,180.0,180.0,500.0,500.0,0.0,0.0,0.0,0.3,1.33
15.0,179.5,6.19,49.8,240,180.0,180.0,180.0,500.0,500.0,0.0,0.0,0.0,0.3,1.34
15.0,179.6,6.19,49.8,241,180.0,180.0,180.0,500.0,500.0,0.0,0.0,0.0,0.3,1.35
14.9,179.7,6.19,49.8,242,180.0,180.0,180.0,500.0,500.0,0.0,0.0,0.0,0.3,1.37
14.7,179.8,6.19,49.8,243,180.0,180.0,180.0,500.0,500.0,0.0,0.0,0.0,0.3,1.38
14.6,179.9,6.19,50.0,244,180.0,180.0,180.0,500.0,500.0,0.0,0.0,0.0,0.3,1.39
14.5,180.0,6.19,49.8,245,180.0,180.0,180.0,500.0,500.0,0.0,0.0,0.0,0.3,1.40
14.6,180.1,6.19,49.8,246,180.0,180.0,180.0,500.0,500.0,0.0,0.0,0.0,0.3,1.42
14.7,180.2,6.19,49.8,247,180.0,180.0,180.0,500.0,500.0,0.0,0.0,0.0,0.3,1.43
14.9,180.3,6.19,49.8,248,180.0,180.0,180.0,500.0,500.0,0.0,0.0,0.0,0.3,1.44
14.8,180.4,6.19,49.8,249,180.0,180.0,180.0,500.0,500.0,0.0,0.0,0.0,0.3,1.45
14.8,180.5,6.19,50.0,250,180.0,180.0,180.0,500.0,500.0,0.0,0.0,0.0,0.3,1.47
14.7,180.6,6.19,50.0,251,180.0,180.0,180.0,500.0,500.0,0.0,0.0,0.0,0.3,1.48
14.7,180.7,6.19,50.0,252,180.0,180.0,180.0,500.0,500.0,0.0,0.0,0.0,0.3,1.49
14.7,180.8,6.19,50.0,253,180.0,180.0,180.0,500.0,500.0,0.0,0.0,0.0,0.3,1.50
14.7,180.9,6.19,49.8,254,180.0,180.0,180.0,500.0,500.0,0.0,0.0,0.0,0.3,1.51
14.7,180.9,6.19,49.8,255,180.0,180.0,180.0,500.0,500.0,0.0,0.0,0.0,0.3,1.53
14.7,181.0,6.19,49.8,256,180.0,180.0,180.0,500.0,500.0,0.0,0.0,0.0,0.3,1.54
14.7,181.1,6.19,49.8,257,180.0,180.0,180.1,500.0,500.0,0.0,0.0,0.0,0.3,1.55
14.7,181.2,6.19,49.8,258,180.0,180.0,180.1,500.0,500.0,0.0,0.0,0.0,0.3,1.56
14.7,181.3,6.19,49.8,259,180.0,180.0,180.1,500.0,500.0,0.0,0.0,0.0,0.3,1.58
14.7,181.4,6.19,49.8,260,180.0,180.0,180.1,500.0,500.0,0.0,0.0,0.0,0.3,1.59
14.6,181.5,6.19,49.8,261,180.0,180.0,180.1,500.0,500.0,0.0,0.0,0.0,0.3,1.60
14.6,181.6,6.19,49.8,262,180.0,180.0,180.2,500.0,500.0,0.0,0.0,0.0,0.3,1.61
14.6,181.6,6.19,49.8,263,180.0,180.0,180.2,500.0,500.0,0.0,0.0,0.0,0.3,1.62
14.5,181.7,6.19,50.0,264,180.0,180.0,180.2,500.0,500.0,0.0,0.0,0.0,0.3,1.64
14.5,181.7,6.19,49.8,265,180.0,180.0,180.2,500.0,500.0,0.0,0.0,0.0,0.3,1.65
14.5,181.8,6.19,49.8,266,180.0,180.0,180.2,500.0,500.0,0.0,0.0,0.0,0.3,1.66
14.6,181.9,6.19,49.8,267,180.0,180.0,180.2,500.0,500.0,0.0,0.0,0.0,0.3,1.67
14.6,182.0,6.19,49.8,268,180.0,180.0,180.2,500.0,500.0,0.0,0.0,0.0,0.3,1.68
14.7,182.0,6.19,49.8,269,180.0,180.0,180.2,500.0,500.0,0.0,0.0,0.0,0.3,1.70
14.7,182.1,6.19,50.0,270,180.0,180.0,180.2,500.0,500.0,0.0,0.0,0.0,0.3,1.71
14.7,182.2,6.19,50.0,271,180.0,180.0,180.3,500.0,500.0,0.0,0.0,0.0,0.3,1.72
14.7,182.3,6.19,50.0,272,180.0,180.0,180.3,500.0,500.0,0.0,0.0,0.0,0.3,1.73
14.7,182.4,6.19,50.0,273,180.0,180.0,180.3,500.0,500.0,0.0,0.0,0.0,0.3,1.75
14.5,182.4,6.19,50.0,274,180.0,180.0,180.3,500.0,500.0,0.0,0.0,0.0,0.3,1.76
14.4,182.5,6.19,50.0,275,180.0,180.0,180.3,500.0,500.0,0.0,0.0,0.0,0.3,1.77
14.3,182.6,6.19,49.8,276,180.0,180.0,180.3,500.0,500.0,0.0,0.0,0.0,0.3,1.78
14.3,182.7,6.19,49.8,277,180.0,180.0,180.3,500.0,500.0,0.0,0.0,0.0,0.3,1.79
14.4,182.8,6.19,49.8,278,180.1,180.0,180.3,500.0,500.0,0.0,0.0,0.0,0.3,1.81
14.5,182.8,6.19,49.8,279,180.1,180.0,180.3,500.0,500.0,0.0,0.0,0.0,0.3,1.82
14.6,182.9,6.19,49.6,280,180.1,180.0,180.3,500.0,500.0,0.0,0.0,0.0,0.3,1.83
14.5,183.0,6.19,49.8,281,180.1,180.0,180.3,500.0,500.0,0.0,0.0,0.0,0.3,1.84
14.4,183.1,6.19,49.8,282,180.1,180.0,180.3,500.0,500.0,0.0,0.0,0.0,0.3,1.85
14.3,183.1,6.19,49.8,283,180.1,180.0,180.3,500.0,500.0,0.0,0.0,0.0,0.3,1.87
14.3,183.2,6.19,49.8,284,180.1,180.0,180.3,500.0,500.0,0.0,0.0,0.0,0.3,1.88
14.4,183.3,6.19,49.8,285,180.1,180.0,180.3,500.0,500.0,0.0,0.0,0.0,0.3,1.89
14.4,183.3,6.19,49.8,286,180.1,180.0,180.3,500.0,500.0,0.0,0.0,0.0,0.3,1.90
14.5,183.4,6.19,49.8,287,180.1,180.0,180.3,500.0,500.0,0.0,0.0,0.0,0.3,1.91
14.5,183.5,6.19,49.8,288,180.1,180.0,180.3,500.0,500.0,0.0,0.0,0.0,0.3,1.92
14.5,183.5,6.19,49.8,289,180.1,180.0,180.3,500.0,500.0,0.0,0.0,0.0,0.3,1.94
14.4,183.6,6.19,49.8,290,180.1,180.0,180.3,500.0,500.0,0.0,0.0,0.0,0.3,1.95
14.3,183.7,6.19,49.8,291,180.1,180.0,180.3,500.0,500.0,0.0,0.0,0.0,0.3,1.96
14.3,183.8,6.19,49.8,292,180.1,180.0,180.3,500.0,500.0,0.0,0.0,0.0,0.3,1.97
14.3,183.8,6.19,49.8,293,180.2,180.0,180.3,500.0,500.0,0.0,0.0,0.0,0.3,1.98
14.3,183.9,6.19,49.8,294,180.2,180.0,180.3,500.0,500.0,0.0,0.0,0.0,0.3,2.00
14.3,183.9,6.19,50.0,295,180.2,180.0,180.3,500.0,500.0,0.0,0.0,0.0,0.3,2.01
14.2,184.0,6.19,49.8,296,180.2,180.0,180.3,500.0,500.0,0.0,0.0,0.0,0.3,2.02
14.2,184.0,6.19,49.8,297,180.2,180.0,180.3,500.0,500.0,0.0,0.0,0.0,0.3,2.03
14.2,184.1,6.19,49.8,298,180.2,180.0,180.3,500.0,500.0,0.0,0.0,0.0,0.3,2.04
14.2,184.1,6.19,49.8,299,180.2,180.0,180.3,500.0,500.0,0.0,0.0,0.0,0.3,2.06
14.1,184.2,6.19,49.8,300,180.2,180.0,180.3,500.0,500.0,0.0,0.0,0.0,0.3,2.07
14.1,184.3,6.19,49.8,301,180.2,180.0,180.3,500.0,500.0,0.0,0.0,0.0,0.3,2.08
14.1,184.3,6.19,49.8,302,180.2,180.0,180.3,500.0,500.0,0.0,0.0,0.0,0.3,2.09
14.2,184.4,6.19,49.8,303,180.2,180.0,180.2,500.0,500.0,0.0,0.0,0.0,0.3,2.10
14.3,184.4,6.19,49.8,304,180.2,180.0,180.2,500.0,500.0,0.0,0.0,0.0,0.3,2.11
14.3,184.5,6.19,49.8,305,180.2,180.0,180.2,500.0,500.0,0.0,0.0,0.0,0.3,2.13
14.3,184.6,6.19,50.0,306,180.2,180.0,180.2,500.0,500.0,0.0,0.0,0.0,0.3,2.14
14.3,184.6,6.19,50.0,307,180.2,180.0,180.2,500.0,500.0,0.0,0.0,0.0,0.3,2.15
14.1,184.7,6.19,50.0,308,180.2,180.0,180.2,500.0,500.0,0.0,0.0,0.0,0.3,2.16
14.0,184.7,6.19,50.0,309,180.2,180.0,180.2,500.0,500.0,0.0,0.0,0.0,0.3,2.17
14.1,184.8,6.19,49.8,310,180.2,180.1,180.2,500.0,500.0,0.0,0.0,0.0,0.3,2.18
14.2,184.9,6.19,49.8,311,180.2,180.1,180.1,500.0,500.0,0.0,0.0,0.0,0.3,2.20
14.3,184.9,6.19,49.8,312,180.2,180.1,180.1,500.0,500.0,0.0,0.0,0.0,0.3,2.21
14.3,184.9,6.19,49.8,313,180.2,180.1,180.1,500.0,500.0,0.0,0.0,0.0,0.3,2.22
14.3,185.0,6.19,49.8,314,180.2,180.1,180.1,500.0,500.0,0.0,0.0,0.0,0.3,2.23
14.3,185.1,6.19,50.0,315,180.2,180.1,180.1,500.0,500.0,0.0,0.0,0.0,0.3,2.24
14.1,185.1,6.19,49.8,316,180.2,180.1,180.1,500.0,500.0,0.0,0.0,0.0,0.3,2.26
14.1,185.2,6.19,49.8,317,180.2,180.1,180.1,500.0,500.0,0.0,0.0,0.0,0.3,2.27
14.1,185.2,6.19,49.8,318,180.2,180.0,180.1,500.0,500.0,0.0,0.0,0.0,0.3,2.28
14.1,185.2,6.19,49.8,319,180.1,180.0,180.1,500.0,500.0,0.0,0.0,0.0,0.3,2.29
14.2,185.3,6.19,49.8,320,180.1,180.0,180.1,500.0,500.0,0.0,0.0,0.0,0.3,2.30
14.2,185.3,6.19,49.8,321,180.1,180.0,180.0,500.0,500.0,0.0,0.0,0.0,0.3,2.31
14.3,185.4,6.19,49.8,322,180.1,180.0,180.0,500.0,500.0,0.0,0.0,0.0,0.3,2.33
14.3,185.4,6.19,49.8,323,180.1,180.0,180.0,500.0,500.0,0.0,0.0,0.0,0.3,2.34
14.2,185.4,6.19,49.8,324,180.1,180.0,180.0,500.0,500.0,0.0,0.0,0.0,0.3,2.35
14.1,185.5,6.19,49.8,325,180.1,180.0,180.0,500.0,500.0,0.0,0.0,0.0,0.3,2.36
14.1,185.5,6.19,50.0,326,180.1,180.0,180.0,500.0,500.0,0.0,0.0,0.0,0.3,2.37
14.1,185.5,6.19,50.0,327,180.1,180.0,180.0,500.0,500.0,0.0,0.0,0.0,0.3,2.39
14.1,185.6,6.19,50.0,328,180.1,180.0,180.0,500.0,500.0,0.0,0.0,0.0,0.3,2.40
14.1,185.7,6.19,50.0,329,180.1,180.0,180.0,500.0,500.0,0.0,0.0,0.0,0.3,2.41
14.2,185.7,6.19,50.0,330,180.1,180.0,180.0,500.0,500.0,0.0,0.0,0.0,0.3,2.42
14.1,185.7,6.19,50.0,331,180.1,180.0,180.0,500.0,500.0,0.0,0.0,0.0,0.3,2.43
14.0,185.8,6.19,49.8,332,180.1,180.0,180.0,500.0,500.0,0.0,0.0,0.0,0.3,2.44
14.0,185.8,6.19,49.8,333,180.1,180.0,180.0,500.0,500.0,0.0,0.0,0.0,0.3,2.46
14.0,185.9,6.19,49.8,334,180.1,180.0,180.0,500.0,500.0,0.0,0.0,0.0,0.3,2.47
13.9,185.9,6.19,49.6,335,180.1,180.0,180.0,500.0,500.0,0.0,0.0,0.0,0.3,2.48
14.0,185.9,6.19,49.6,336,180.1,180.0,180.0,500.0,500.0,0.0,0.0,0.0,0.3,2.49
14.1,185.9,6.19,49.8,337,180.1,180.0,180.0,500.0,500.0,0.0,0.0,0.0,0.3,2.50
14.1,186.0,6.19,49.8,338,180.1,180.0,180.0,500.0,500.0,0.0,0.0,0.0,0.3,2.51
14.1,186.0,6.19,49.8,339,180.1,180.0,180.0,500.0,500.0,0.0,0.0,0.0,0.3,2.53
14.0,186.1,6.19,50.0,340,180.1,180.0,180.0,500.0,500.0,0.0,0.0,0.0,0.3,2.54
13.9,186.1,6.19,49.8,341,180.1,180.0,180.0,500.0,500.0,0.0,0.0,0.0,0.3,2.55
13.9,186.2,6.19,49.8,342,180.1,180.0,180.0,500.0,500.0,0.0,0.0,0.0,0.3,2.56
14.1,186.2,6.19,49.8,343,180.1,180.0,180.0,500.0,500.0,0.0,0.0,0.0,0.3,2.57
14.2,186.3,6.19,49.8,344,180.1,180.0,180.0,500.0,500.0,0.0,0.0,0.0,0.3,2.58
14.2,186.3,6.19,49.8,345,180.1,180.0,180.0,500.0,500.0,0.0,0.0,0.0,0.3,2.60
14.3,186.3,6.19,49.8,346,180.1,180.0,180.0,500.0,500.0,0.0,0.0,0.0,0.3,2.61
14.3,186.4,6.19,49.8,347,180.1,180.0,180.0,500.0,500.0,0.0,0.0,0.0,0.3,2.62
14.2,186.4,6.19,49.8,348,180.1,180.0,180.0,500.0,500.0,0.0,0.0,0.0,0.3,2.63
14.2,186.4,6.19,49.8,349,180.1,180.0,180.0,500.0,500.0,0.0,0.0,0.0,0.3,2.64
14.1,186.5,6.19,49.8,350,180.1,180.0,180.0,500.0,500.0,0.0,0.0,0.0,0.3,2.65
14.0,186.5,6.19,50.0,351,180.1,180.0,180.0,500.0,500.0,0.0,0.0,0.0,0.3,2.67
14.0,186.5,6.19,49.8,352,180.1,180.0,180.0,500.0,500.0,0.0,0.0,0.0,0.3,2.68
14.0,186.6,6.19,49.8,353,180.1,180.0,180.0,500.0,500.0,0.0,0.0,0.0,0.3,2.69
14.0,186.6,6.19,49.8,354,180.1,180.0,180.0,500.0,500.0,0.0,0.0,0.0,0.3,2.70
14.0,186.6,6.19,49.8,355,180.1,180.0,180.0,500.0,500.0,0.0,0.0,0.0,0.3,2.71
14.0,186.6,6.19,49.6,356,180.1,180.0,180.0,500.0,500.0,0.0,0.0,0.0,0.3,2.72
14.0,186.7,6.19,49.8,357,180.1,180.0,180.0,500.0,500.0,0.0,0.0,0.0,0.3,2.74
13.9,186.8,6.19,49.8,358,180.1,180.0,180.0,500.0,500.0,0.0,0.0,0.0,0.3,2.75
13.9,186.8,6.19,49.8,359,180.1,180.0,180.0,500.0,500.0,0.0,0.0,0.0,0.3,2.76
13.9,186.8,6.19,49.8,360,180.1,180.0,180.0,500.0,500.0,0.0,0.0,0.0,0.3,2.77
14.0,186.9,6.19,49.8,361,180.1,180.0,180.0,500.0,500.0,0.0,0.0,0.0,0.3,2.78
13.9,186.9,6.19,49.8,362,180.1,180.1,180.0,500.0,500.0,0.0,0.0,0.0,0.3,2.79
13.9,186.9,6.19,49.8,363,180.1,180.1,180.0,500.0,500.0,0.0,0.0,0.0,0.3,2.80
13.9,186.9,6.19,49.8,364,180.1,180.1,180.0,500.0,500.0,0.0,0.0,0.0,0.3,2.82
13.8,186.9,6.19,49.8,365,180.0,180.1,180.0,500.0,500.0,0.0,0.0,0.0,0.3,2.83
13.8,186.9,6.19,49.8,366,180.0,180.1,180.1,500.0,500.0,0.0,0.0,0.0,0.3,2.84
13.9,186.9,6.19,49.8,367,180.0,180.1,180.1,500.0,500.0,0.0,0.0,0.0,0.3,2.85
13.9,187.0,6.19,49.8,368,180.0,180.1,180.1,500.0,500.0,0.0,0.0,0.0,0.3,2.86
13.9,187.0,6.19,49.8,369,180.0,180.1,180.1,500.0,500.0,0.0,0.0,0.0,0.3,2.87
13.9,187.1,6.19,49.8,370,180.0,180.0,180.1,500.0,500.0,0.0,0.0,0.0,0.3,2.89
13.9,187.1,6.19,50.0,371,180.0,180.0,180.1,500.0,500.0,0.0,0.0,0.0,0.3,2.90
13.9,187.1,6.19,49.8,372,180.0,180.0,180.1,500.0,500.0,0.0,0.0,0.0,0.3,2.91
13.9,187.1,6.19,49.8,373,180.0,180.0,180.2,500.0,500.0,0.0,0.0,0.0,0.3,2.92
13.9,187.1,6.19,49.8,374,180.0,180.0,180.2,500.0,500.0,0.0,0.0,0.0,0.3,2.93
14.0,187.2,6.19,49.8,375,180.0,180.0,180.2,500.0,500.0,0.0,0.0,0.0,0.3,2.94
14.0,187.2,6.19,49.8,376,180.0,180.0,180.2,500.0,500.0,0.0,0.0,0.0,0.3,2.95
13.9,187.3,6.19,49.8,377,180.0,180.0,180.2,500.0,500.0,0.0,0.0,0.0,0.3,2.97
13.9,187.4,6.19,49.8,378,180.0,180.0,180.2,500.0,500.0,0.0,0.0,0.0,0.3,2.98
13.8,187.4,6.19,49.8,379,180.0,180.0,180.2,500.0,500.0,0.0,0.0,0.0,0.3,2.99
13.8,187.5,6.19,49.8,380,180.0,180.0,180.3,500.0,500.0,0.0,0.0,0.0,0.3,3.00
13.7,187.6,6.19,49.8,381,180.1,180.0,180.4,500.0,500.0,0.0,0.0,0.0,0.3,3.01
13.8,187.6,6.19,50.0,382,180.1,180.0,180.4,500.0,500.0,0.0,0.0,0.0,0.3,3.02
13.8,187.7,6.19,49.8,383,180.1,180.0,180.4,500.0,500.0,0.0,0.0,0.0,0.3,3.04
13.8,187.7,6.19,49.8,384,180.1,180.0,180.4,500.0,500.0,0.0,0.0,0.0,0.3,3.05
13.8,187.7,6.19,49.8,385,180.1,180.0,180.4,500.0,500.0,0.0,0.0,0.0,0.3,3.06
13.9,187.7,6.19,49.6,386,180.1,180.0,180.4,500.0,500.0,0.0,0.0,0.0,0.3,3.07
13.9,187.7,6.19,49.6,387,180.1,180.0,180.4,500.0,500.0,0.0,0.0,0.0,0.3,3.08
13.9,187.7,6.19,49.8,388,180.2,180.0,180.4,500.0,500.0,0.0,0.0,0.0,0.3,3.09
13.9,187.8,6.19,49.8,389,180.2,180.0,180.4,500.0,500.0,0.0,0.0,0.0,0.3,3.10
13.9,187.8,6.19,49.8,390,180.2,180.0,180.4,500.0,500.0,0.0,0.0,0.0,0.3,3.12
13.9,187.8,6.19,50.0,391,180.2,180.0,180.4,500.0,500.0,0.0,0.0,0.0,0.3,3.13
13.9,187.9,6.19,49.8,392,180.2,180.0,180.5,500.0,500.0,0.0,0.0,0.0,0.3,3.14
13.9,187.9,6.19,49.8,393,180.2,180.0,180.5,500.0,500.0,0.0,0.0,0.0,0.3,3.15
13.8,187.9,6.19,49.8,394,180.2,180.0,180.5,500.0,500.0,0.0,0.0,0.0,0.3,3.16
13.8,187.9,6.19,49.8,395,180.2,180.0,180.5,500.0,500.0,0.0,0.0,0.0,0.3,3.17
13.6,188.0,6.19,49.8,396,180.2,180.0,180.5,500.0,500.0,0.0,0.0,0.0,0.3,3.18
13.7,188.0,6.19,49.8,397,180.2,180.0,180.5,500.0,500.0,0.0,0.0,0.0,0.3,3.20
13.7,188.0,6.19,49.8,398,180.2,180.0,180.5,500.0,500.0,0.0,0.0,0.0,0.3,3.21
13.8,188.0,6.19,49.8,399,180.2,180.0,180.5,500.0,500.0,0.0,0.0,0.0,0.3,3.22
13.9,188.0,6.19,49.8,400,180.2,180.0,180.5,500.0,500.0,0.0,0.0,0.0,0.3,3.23
13.9,188.1,6.19,49.8,401,180.2,180.0,180.5,500.0,500.0,0.0,0.0,0.0,0.3,3.24
13.9,188.1,6.19,50.0,402,180.2,180.0,180.5,500.0,500.0,0.0,0.0,0.0,0.3,3.25
13.8,188.1,6.19,49.8,403,180.2,180.0,180.5,500.0,500.0,0.0,0.0,0.0,0.3,3.26
13.7,188.1,6.19,49.8,404,180.2,180.0,180.5,500.0,500.0,0.0,0.0,0.0,0.3,3.28
13.7,188.2,6.19,49.8,405,180.2,180.0,180.5,500.0,500.0,0.0,0.0,0.0,0.3,3.29
13.7,188.2,6.19,49.6,406,180.2,180.0,180.5,500.0,500.0,0.0,0.0,0.0,0.3,3.30
13.8,188.2,6.19,49.6,407,180.2,180.0,180.5,500.0,500.0,0.0,0.0,0.0,0.3,3.31
13.8,188.2,6.19,49.8,408,180.2,180.0,180.5,500.0,500.0,0.0,0.0,0.0,0.3,3.32
14.0,188.2,6.19,49.8,409,180.2,180.0,180.5,500.0,500.0,0.0,0.0,0.0,0.3,3.33
14.0,188.2,6.19,49.8,410,180.2,180.0,180.5,500.0,500.0,0.0,0.0,0.0,0.3,3.35
13.9,188.3,6.19,50.0,411,180.2,180.0,180.5,500.0,500.0,0.0,0.0,0.0,0.3,3.36
13.9,188.3,6.19,49.8,412,180.2,180.0,180.5,500.0,500.0,0.0,0.0,0.0,0.3,3.37
13.8,188.3,6.19,49.8,413,180.2,180.0,180.5,500.0,500.0,0.0,0.0,0.0,0.3,3.38
13.7,188.4,6.19,49.8,414,180.2,180.0,180.5,500.0,500.0,0.0,0.0,0.0,0.3,3.39
13.7,188.4,6.19,49.8,415,180.2,180.0,180.5,500.0,500.0,0.0,0.0,0.0,0.3,3.40
13.7,188.4,6.19,49.8,416,180.2,180.0,180.5,500.0,500.0,0.0,0.0,0.0,0.3,3.41
13.7,188.4,6.19,49.8,417,180.2,180.0,180.5,500.0,500.0,0.0,0.0,0.0,0.3,3.43
13.7,188.4,6.19,49.8,418,180.2,180.0,180.4,500.0,500.0,0.0,0.0,0.0,0.3,3.44
13.7,188.4,6.19,49.8,419,180.2,180.0,180.4,500.0,500.0,0.0,0.0,0.0,0.3,3.45
13.7,188.5,6.19,49.8,420,180.2,180.0,180.4,500.0,500.0,0.0,0.0,0.0,0.3,3.46
13.7,188.5,6.19,49.8,421,180.2,180.0,180.4,500.0,500.0,0.0,0.0,0.0,0.3,3.47
13.7,188.5,6.19,49.8,422,180.1,180.0,180.4,500.0,500.0,0.0,0.0,0.0,0.3,3.48
13.8,188.5,6.19,49.8,423,180.1,180.0,180.4,500.0,500.0,0.0,0.0,0.0,0.3,3.49
13.9,188.5,6.19,49.8,424,180.1,180.0,180.4,500.0,500.0,0.0,0.0,0.0,0.3,3.51
13.9,188.6,6.19,49.8,425,180.1,180.0,180.4,500.0,500.0,0.0,0.0,0.0,0.3,3.52
13.9,188.6,6.19,49.8,426,180.1,180.0,180.4,500.0,500.0,0.0,0.0,0.0,0.3,3.53
13.8,188.6,6.19,50.0,427,180.1,180.0,180.3,500.0,500.0,0.0,0.0,0.0,0.3,3.54
13.7,188.7,6.19,49.8,428,180.1,180.0,180.3,500.0,500.0,0.0,0.0,0.0,0.3,3.55
13.8,188.8,6.19,49.8,429,180.1,180.0,180.3,500.0,500.0,0.0,0.0,0.0,0.3,3.56
13.7,188.8,6.19,49.8,430,180.1,180.0,180.3,500.0,500.0,0.0,0.0,0.0,0.3,3.57
13.7,188.8,6.19,49.8,431,180.1,180.0,180.3,500.0,500.0,0.0,0.0,0.0,0.3,3.59
13.8,188.8,6.19,49.6,432,180.2,180.0,180.4,500.0,500.0,0.0,0.0,0.0,0.3,3.60
13.9,188.8,6.19,49.8,433,180.2,180.0,180.4,500.0,500.0,0.0,0.0,0.0,0.3,3.61
13.8,188.8,6.19,49.8,434,180.2,180.0,180.4,500.0,500.0,0.0,0.0,0.0,0.3,3.62
13.8,188.9,6.19,49.8,435,180.2,180.0,180.3,500.0,500.0,0.0,0.0,0.0,0.3,3.63
13.7,188.9,6.19,49.8,436,180.2,180.0,180.3,500.0,500.0,0.0,0.0,0.0,0.3,3.64
13.8,188.9,6.19,49.8,437,180.2,180.0,180.3,500.0,500.0,0.0,0.0,0.0,0.3,3.65
13.8,188.9,6.19,49.8,438,180.2,180.0,180.3,500.0,500.0,0.0,0.0,0.0,0.3,3.67
13.8,188.9,6.19,49.8,439,180.2,180.0,180.3,500.0,500.0,0.0,0.0,0.0,0.3,3.68
13.8,188.9,6.19,49.8,440,180.2,180.0,180.3,500.0,500.0,0.0,0.0,0.0,0.3,3.69
13.9,189.0,6.19,49.8,441,180.2,180.0,180.3,500.0,500.0,0.0,0.0,0.0,0.3,3.70
13.9,189.0,6.19,49.8,442,180.2,180.0,180.2,500.0,500.0,0.0,0.0,0.0,0.3,3.71
13.9,189.0,6.19,49.8,443,180.2,180.0,180.2,500.0,500.0,0.0,0.0,0.0,0.3,3.72
13.8,189.0,6.19,49.8,444,180.2,180.0,180.2,500.0,500.0,0.0,0.0,0.0,0.3,3.73
13.8,189.0,6.19,49.8,445,180.1,180.0,180.2,500.0,500.0,0.0,0.0,0.0,0.3,3.75
13.7,189.1,6.19,49.8,446,180.1,180.0,180.2,500.0,500.0,0.0,0.0,0.0,0.3,3.76
13.6,189.1,6.19,50.0,447,180.1,180.0,180.2,500.0,500.0,0.0,0.0,0.0,0.3,3.77
13.6,189.1,6.19,49.8,448,180.1,180.0,180.2,500.0,500.0,0.0,0.0,0.0,0.3,3.78
13.7,189.1,6.19,49.8,449,180.1,180.0,180.2,500.0,500.0,0.0,0.0,0.0,0.3,3.79
13.8,189.1,6.19,49.8,450,180.1,180.0,180.2,500.0,500.0,0.0,0.0,0.0,0.3,3.80
13.8,189.1,6.19,49.8,451,180.1,180.0,180.2,500.0,500.0,0.0,0.0,0.0,0.3,3.81
13.7,189.1,6.19,49.6,452,180.1,180.0,180.2,500.0,500.0,0.0,0.0,0.0,0.3,3.83
13.7,189.1,6.19,49.6,453,180.1,180.0,180.2,500.0,500.0,0.0,0.0,0.0,0.3,3.84
13.6,189.1,6.19,49.6,454,180.1,180.0,180.2,500.0,500.0,0.0,0.0,0.0,0.3,3.85
13.5,189.1,6.19,49.6,455,180.1,180.0,180.1,500.0,500.0,0.0,0.0,0.0,0.3,3.86
13.5,189.1,6.19,49.6,456,180.1,180.0,180.1,500.0,500.0,0.0,0.0,0.0,0.3,3.87
13.6,189.1,6.19,49.8,457,180.1,180.0,180.1,500.0,500.0,0.0,0.0,0.0,0.3,3.88
13.6,189.2,6.19,49.8,458,180.1,180.0,180.1,500.0,500.0,0.0,0.0,0.0,0.3,3.89
13.6,189.2,6.19,49.8,459,180.1,180.0,180.1,500.0,500.0,0.0,0.0,0.0,0.3,3.90
13.7,189.2,6.19,49.8,460,180.1,180.0,180.1,500.0,500.0,0.0,0.0,0.0,0.3,3.92
13.7,189.2,6.19,49.8,461,180.0,180.0,180.1,500.0,500.0,0.0,0.0,0.0,0.3,3.93
13.7,189.2,6.19,49.6,462,180.0,180.0,180.1,500.0,500.0,0.0,0.0,0.0,0.3,3.94
13.6,189.2,6.19,49.8,463,180.0,180.0,180.1,500.0,500.0,0.0,0.0,0.0,0.3,3.95
13.7,189.2,6.19,49.8,464,180.0,180.0,180.1,500.0,500.0,0.0,0.0,0.0,0.3,3.96
13.7,189.3,6.19,49.8,465,180.0,180.0,180.1,500.0,500.0,0.0,0.0,0.0,0.3,3.97
13.8,189.3,6.19,49.8,466,180.0,180.0,180.1,500.0,500.0,0.0,0.0,0.0,0.3,3.98
13.7,189.3,6.19,50.0,467,180.0,180.0,180.1,500.0,500.0,0.0,0.0,0.0,0.3,4.00
13.7,189.3,6.19,49.8,468,180.0,180.0,180.1,500.0,500.0,0.0,0.0,0.0,0.3,4.01
13.6,189.3,6.19,49.8,469,180.0,180.0,180.1,500.0,500.0,0.0,0.0,0.0,0.3,4.02
13.5,189.3,6.19,49.8,470,180.0,180.0,180.1,500.0,500.0,0.0,0.0,0.0,0.3,4.03
13.5,189.3,6.19,49.8,471,180.0,180.0,180.1,500.0,500.0,0.0,0.0,0.0,0.3,4.04
13.5,189.3,6.19,49.8,472,180.0,180.0,180.1,500.0,500.0,0.0,0.0,0.0,0.3,4.05
13.6,189.3,6.19,49.8,473,180.0,180.0,180.1,500.0,500.0,0.0,0.0,0.0,0.3,4.06
13.7,189.4,6.19,49.8,474,180.0,180.0,180.1,500.0,500.0,0.0,0.0,0.0,0.3,4.07
13.7,189.4,6.19,49.8,475,180.0,180.0,180.1,500.0,500.0,0.0,0.0,0.0,0.3,4.09
13.8,189.4,6.19,49.8,476,180.0,180.0,180.1,500.0,500.0,0.0,0.0,0.0,0.3,4.10
13.8,189.4,6.19,49.8,477,180.0,180.0,180.1,500.0,500.0,0.0,0.0,0.0,0.3,4.11
13.6,189.4,6.19,49.8,478,180.0,180.0,180.1,500.0,500.0,0.0,0.0,0.0,0.3,4.12
13.6,189.4,6.19,49.8,479,180.0,180.0,180.1,500.0,500.0,0.0,0.0,0.0,0.3,4.13
13.5,189.4,6.19,49.8,480,180.0,180.0,180.1,500.0,500.0,0.0,0.0,0.0,0.3,4.14
13.6,189.4,6.19,49.8,481,180.0,180.0,180.1,500.0,500.0,0.0,0.0,0.0,0.3,4.15
13.6,189.4,6.19,49.6,482,180.0,180.0,180.1,500.0,500.0,0.0,0.0,0.0,0.3,4.16
13.7,189.4,6.19,49.8,483,180.0,180.0,180.1,500.0,500.0,0.0,0.0,0.0,0.3,4.18
13.7,189.4,6.19,49.8,484,180.0,180.0,180.1,500.0,500.0,0.0,0.0,0.0,0.3,4.19
13.7,189.4,6.19,49.8,485,180.0,180.0,180.1,500.0,500.0,0.0,0.0,0.0,0.3,4.20
13.6,189.4,6.19,49.8,486,180.0,180.0,180.1,500.0,500.0,0.0,0.0,0.0,0.3,4.21
13.6,189.5,6.19,50.0,487,180.0,180.0,180.1,500.0,500.0,0.0,0.0,0.0,0.3,4.22
13.6,189.5,6.19,50.0,488,180.0,180.0,180.1,500.0,500.0,0.0,0.0,0.0,0.3,4.23
13.6,189.5,6.19,50.0,489,180.0,180.0,180.1,500.0,500.0,0.0,0.0,0.0,0.3,4.24
13.6,189.5,6.19,50.0,490,180.0,180.0,180.1,500.0,500.0,0.0,0.0,0.0,0.3,4.26
13.6,189.6,6.19,50.0,491,180.0,180.0,180.1,500.0,500.0,0.0,0.0,0.0,0.3,4.27
13.6,189.6,6.19,50.0,492,180.0,180.0,180.1,500.0,500.0,0.0,0.0,0.0,0.3,4.28
13.7,189.6,6.19,49.8,493,180.0,180.0,180.1,500.0,500.0,0.0,0.0,0.0,0.3,4.29
13.6,189.6,6.19,49.8,494,180.0,180.0,180.1,500.0,500.0,0.0,0.0,0.0,0.3,4.30
13.6,189.6,6.19,49.8,495,180.0,180.0,180.1,500.0,500.0,0.0,0.0,0.0,0.3,4.31
13.6,189.6,6.19,49.8,496,180.0,180.0,180.1,500.0,500.0,0.0,0.0,0.0,0.3,4.32
13.6,189.6,6.19,49.8,497,180.0,180.0,180.1,500.0,500.0,0.0,0.0,0.0,0.3,4.33
13.6,189.6,6.19,49.8,498,180.0,180.0,180.1,500.0,500.0,0.0,0.0,0.0,0.3,4.35
13.5,189.6,6.19,49.8,499,180.0,180.0,180.1,500.0,500.0,0.0,0.0,0.0,0.3,4.36
13.6,189.6,6.19,49.8,500,180.0,180.0,180.1,500.0,500.0,0.0,0.0,0.0,0.3,4.37
13.6,189.6,6.19,49.8,501,180.0,180.0,180.1,500.0,500.0,0.0,0.0,0.0,0.3,4.38
13.7,189.6,6.19,49.6,502,180.0,180.0,180.1,500.0,500.0,0.0,0.0,0.0,0.3,4.39
13.7,189.6,6.19,49.8,503,180.0,180.0,180.1,500.0,500.0,0.0,0.0,0.0,0.3,4.40
13.8,189.6,6.19,49.8,504,180.0,180.0,180.1,500.0,500.0,0.0,0.0,0.0,0.3,4.41
13.8,189.6,6.19,49.8,505,180.0,180.0,180.1,500.0,500.0,0.0,0.0,0.0,0.3,4.43
13.8,189.6,6.19,49.8,506,180.0,180.0,180.1,500.0,500.0,0.0,0.0,0.0,0.3,4.44
13.7,189.7,6.19,50.0,507,180.0,180.0,180.2,500.0,500.0,0.0,0.0,0.0,0.3,4.45
13.7,189.8,6.19,49.8,508,180.0,180.0,180.2,500.0,500.0,0.0,0.0,0.0,0.3,4.46
13.6,189.8,6.19,49.8,509,180.0,180.0,180.2,500.0,500.0,0.0,0.0,0.0,0.3,4.47
13.5,189.8,6.19,49.8,510,180.0,180.0,180.2,500.0,500.0,0.0,0.0,0.0,0.3,4.48
13.5,189.8,6.19,49.8,511,180.0,180.0,180.3,500.0,500.0,0.0,0.0,0.0,0.3,4.49
13.6,189.7,6.19,49.6,512,180.0,180.0,180.3,500.0,500.0,0.0,0.0,0.0,0.3,4.50
