扭矩,料温,压力,转速,时间,温度1,温度2,温度3,温度4,温度5,温度6,温度7,温度8,顶栓,能量
1.7,178.1,6.19,1.6,0,180.0,179.9,180.0,500.0,500.0,0.0,0.0,0.0,0.3,0.00
1.6,177.8,6.19,9.2,1,180.0,179.9,180.0,500.0,500.0,0.0,0.0,0.0,0.3,0.00
1.5,177.3,6.19,19.2,2,180.0,179.9,180.0,500.0,500.0,0.0,0.0,0.0,0.3,0.00
1.3,176.8,6.19,29.2,3,180.0,180.0,180.0,500.0,500.0,0.0,0.0,0.0,0.3,0.00
1.2,176.3,6.19,39.2,4,180.0,180.0,180.0,500.0,500.0,0.0,0.0,0.0,0.3,0.00
1.2,175.7,6.19,47.4,5,180.0,180.0,180.0,500.0,500.0,0.0,0.0,0.0,0.3,0.00
1.2,175.2,6.19,49.8,6,180.0,180.0,180.0,500.0,500.0,0.0,0.0,0.0,0.3,0.00
1.2,174.6,6.19,49.8,7,180.0,180.0,180.0,500.0,500.0,0.0,0.0,0.0,0.3,0.01
1.2,174.0,6.19,49.8,8,180.0,180.0,180.0,500.0,500.0,0.0,0.0,0.0,0.3,0.01
1.2,173.5,6.19,49.8,9,180.0,180.0,180.0,500.0,500.0,0.0,0.0,0.0,0.3,0.01
1.1,173.1,6.19,50.0,10,180.0,180.0,180.0,500.0,500.0,0.0,0.0,0.0,0.3,0.01
1.0,172.7,6.19,49.8,11,180.0,180.0,180.0,500.0,500.0,0.0,0.0,0.0,0.3,0.01
0.9,172.3,6.19,49.8,12,180.0,180.0,180.0,500.0,500.0,0.0,0.0,0.0,0.3,0.01
0.8,172.0,6.19,49.8,13,180.0,180.0,180.0,500.0,500.0,0.0,0.0,0.0,0.3,0.01
0.8,171.6,6.19,49.8,14,180.0,180.0,180.0,500.0,500.0,0.0,0.0,0.0,0.3,0.01
0.8,171.2,6.19,49.8,15,180.0,180.0,180.0,500.0,500.0,0.0,0.0,0.0,0.3,0.01
0.8,170.9,6.19,50.0,16,180.0,180.0,180.0,500.0,500.0,0.0,0.0,0.0,0.3,0.01
0.7,170.6,6.19,50.0,17,180.0,180.0,180.0,500.0,500.0,0.0,0.0,0.0,0.3,0.01
0.7,170.4,6.19,49.8,18,180.0,180.0,180.0,500.0,500.0,0.0,0.0,0.0,0.3,0.01
0.8,170.2,6.19,49.8,19,180.0,180.0,180.0,500.0,500.0,0.0,0.0,0.0,0.3,0.01
0.7,170.0,6.19,49.8,20,180.0,180.0,180.0,500.0,500.0,0.0,0.0,0.0,0.3,0.01
0.6,169.8,6.19,49.8,21,180.0,180.0,180.0,500.0,500.0,0.0,0.0,0.0,0.3,0.02
0.5,169.6,6.19,49.8,22,180.0,180.0,180.0,500.0,500.0,0.0,0.0,0.0,0.3,0.02
0.3,169.4,6.19,50.0,23,180.0,180.0,180.0,500.0,500.0,0.0,0.0,0.0,0.3,0.02
0.2,169.1,6.19,49.8,24,180.0,180.0,180.0,500.0,500.0,0.0,0.0,0.0,0.3,0.02
0.0,168.9,6.19,49.8,25,180.0,180.0,180.0,500.0,500.0,0.0,0.0,0.0,0.3,0.02
0.0,168.8,6.19,49.8,26,180.0,180.0,180.0,500.0,500.0,0.0,0.0,0.0,0.3,0.02
0.0,168.6,6.19,49.8,27,180.0,180.0,180.0,500.0,500.0,0.0,0.0,0.0,0.3,0.02
0.2,168.3,6.19,49.8,28,180.0,180.0,180.0,500.0,500.0,0.0,0.0,0.0,0.3,0.02
0.2,168.0,6.19,49.8,29,180.0,180.0,180.0,500.0,500.0,0.0,0.0,0.0,0.3,0.02
0.3,167.8,6.19,49.8,30,180.0,180.0,180.0,500.0,500.0,0.0,0.0,0.0,0.3,0.02
0.3,167.8,6.19,49.8,31,180.0,180.0,180.0,500.0,500.0,0.0,0.0,0.0,0.3,0.02
0.3,167.8,6.19,49.8,32,180.0,180.0,180.0,500.0,500.0,0.0,0.0,0.0,0.3,0.02
0.2,167.8,6.19,49.8,33,180.0,180.0,180.0,500.0,500.0,0.0,0.0,0.0,0.3,0.02
0.1,167.8,6.19,50.2,34,180.0,180.0,180.0,500.0,500.0,0.0,0.0,0.0,0.3,0.02
0.0,167.7,6.19,50.2,35,180.0,180.0,180.0,500.0,500.0,0.0,0.0,0.0,0.3,0.02
0.2,167.5,6.19,50.2,36,180.0,180.0,180.0,500.0,500.0,0.0,0.0,0.0,0.3,0.02
0.6,167.4,6.19,50.2,37,180.0,180.0,180.0,500.0,500.0,0.0,0.0,0.0,0.3,0.02
1.4,167.3,6.19,50.0,38,180.0,180.0,180.0,500.0,500.0,0.0,0.0,0.0,0.3,0.02
1.8,167.1,6.19,49.8,39,180.0,180.0,180.0,500.0,500.0,0.0,0.0,0.0,0.3,0.02
2.1,166.9,6.19,49.8,40,180.0,180.0,180.0,500.0,500.0,0.0,0.0,0.0,0.3,0.02
2.2,166.6,6.19,49.8,41,180.0,180.0,180.0,500.0,500.0,0.0,0.0,0.0,0.3,0.02
2.1,166.4,6.19,49.8,42,180.0,180.0,180.0,500.0,500.0,0.0,0.0,0.0,0.3,0.03
1.5,166.3,6.19,50.0,43,180.0,179.9,180.0,500.0,500.0,0.0,0.0,0.0,0.3,0.03
1.3,166.1,6.19,49.8,44,180.0,179.9,180.0,500.0,500.0,0.0,0.0,0.0,0.3,0.03
1.5,166.0,6.19,50.0,45,180.0,179.9,180.0,500.0,500.0,0.0,0.0,0.0,0.3,0.03
2.1,165.9,6.19,50.0,46,180.0,179.9,180.0,500.0,500.0,0.0,0.0,0.0,0.3,0.03
2.9,165.7,6.19,50.0,47,180.0,179.9,180.0,500.0,500.0,0.0,0.0,0.0,0.3,0.03
3.8,165.4,6.19,50.0,48,180.0,179.9,180.0,500.0,500.0,0.0,0.0,0.0,0.3,0.04
4.2,164.8,6.19,50.2,49,180.0,179.9,180.0,500.0,500.0,0.0,0.0,0.0,0.3,0.04
4.6,164.2,6.19,50.0,50,180.0,179.9,180.0,500.0,500.0,0.0,0.0,0.0,0.3,0.04
5.0,163.7,6.19,50.0,51,180.0,179.9,180.0,500.0,500.0,0.0,0.0,0.0,0.3,0.05
4.8,163.4,6.19,50.0,52,180.0,179.9,180.0,500.0,500.0,0.0,0.0,0.0,0.3,0.05
5.5,163.2,6.19,50.0,53,180.0,179.9,180.0,500.0,500.0,0.0,0.0,0.0,0.3,0.06
6.2,162.9,6.19,50.0,54,180.0,180.0,180.0,500.0,500.0,0.0,0.0,0.0,0.3,0.06
6.7,162.5,6.19,49.8,55,180.0,180.0,180.0,500.0,500.0,0.0,0.0,0.0,0.3,0.07
7.4,162.1,6.19,49.8,56,180.0,180.0,180.0,500.0,500.0,0.0,0.0,0.0,0.3,0.07
7.4,161.8,6.19,49.8,57,180.0,180.0,180.0,500.0,500.0,0.0,0.0,0.0,0.3,0.08
6.8,161.4,6.19,49.8,58,180.0,180.0,180.0,500.0,500.0,0.0,0.0,0.0,0.3,0.09
6.8,161.2,6.19,49.8,59,180.0,180.0,180.0,500.0,500.0,0.0,0.0,0.0,0.3,0.09
6.4,161.0,6.19,50.0,60,180.0,180.0,180.0,500.0,500.0,0.0,0.0,0.0,0.3,0.10
5.1,160.9,6.19,49.8,61,180.0,180.0,180.0,500.0,500.0,0.0,0.0,0.0,0.3,0.10
4.8,161.0,6.19,49.8,62,180.0,180.0,180.0,500.0,500.0,0.0,0.0,0.0,0.3,0.11
3.9,161.1,6.19,49.8,63,180.0,180.0,180.0,500.0,500.0,0.0,0.0,0.0,0.3,0.11
3.3,161.1,6.19,49.8,64,180.0,180.0,180.0,500.0,500.0,0.0,0.0,0.0,0.3,0.11
3.1,161.1,6.19,49.8,65,180.0,180.0,180.0,500.0,500.0,0.0,0.0,0.0,0.3,0.11
3.3,161.2,6.19,50.0,66,180.0,180.0,180.0,500.0,500.0,0.0,0.0,0.0,0.3,0.12
3.7,161.2,6.19,49.8,67,180.0,180.0,180.0,500.0,500.0,0.0,0.0,0.0,0.3,0.12
4.8,160.9,6.19,49.8,68,180.0,180.0,180.0,500.0,500.0,0.0,0.0,0.0,0.3,0.12
5.8,160.7,6.19,49.8,69,180.0,180.0,180.0,500.0,500.0,0.0,0.0,0.0,0.3,0.13
6.4,160.7,6.19,49.8,70,180.0,180.0,180.0,500.0,500.0,0.0,0.0,0.0,0.3,0.13
7.1,160.7,6.19,49.6,71,180.0,180.0,180.0,500.0,500.0,0.0,0.0,0.0,0.3,0.14
7.5,160.8,6.19,49.8,72,180.0,180.0,180.0,500.0,500.0,0.0,0.0,0.0,0.3,0.15
7.6,161.0,6.19,49.8,73,180.0,180.0,180.0,500.0,500.0,0.0,0.0,0.0,0.3,0.15
7.6,161.2,6.19,49.8,74,180.0,180.0,180.0,500.0,500.0,0.0,0.0,0.0,0.3,0.16
7.9,161.4,6.19,49.8,75,180.0,180.0,180.0,500.0,500.0,0.0,0.0,0.0,0.3,0.17
8.1,161.5,6.19,50.0,76,180.0,180.0,180.0,500.0,500.0,0.0,0.0,0.0,0.3,0.17
8.4,161.7,6.19,50.0,77,180.0,180.0,180.0,500.0,500.0,0.0,0.0,0.0,0.3,0.18
8.7,162.0,6.19,50.0,78,180.0,180.0,180.0,500.0,500.0,0.0,0.0,0.0,0.3,0.19
9.1,162.4,6.19,50.0,79,180.0,180.0,180.0,500.0,500.0,0.0,0.0,0.0,0.3,0.19
9.1,162.7,6.19,50.0,80,180.0,180.0,180.0,500.0,500.0,0.0,0.0,0.0,0.3,0.20
9.1,163.0,6.19,50.0,81,180.0,180.0,180.0,500.0,500.0,0.0,0.0,0.0,0.3,0.21
9.1,163.1,6.19,50.0,82,180.0,180.0,180.0,500.0,500.0,0.0,0.0,0.0,0.3,0.22
9.2,163.1,6.19,49.8,83,180.0,180.0,180.0,500.0,500.0,0.0,0.0,0.0,0.3,0.22
9.0,163.2,6.19,49.8,84,180.0,180.0,180.0,500.0,500.0,0.0,0.0,0.0,0.3,0.23
9.0,163.5,6.19,49.8,85,180.0,180.0,180.0,500.0,500.0,0.0,0.0,0.0,0.3,0.24
9.0,163.9,6.19,49.8,86,180.0,180.0,180.0,500.0,500.0,0.0,0.0,0.0,0.3,0.25
9.0,164.4,6.19,49.8,87,180.0,180.0,180.0,500.0,500.0,0.0,0.0,0.0,0.3,0.25
8.9,164.9,6.19,50.0,88,180.0,180.0,180.0,500.0,500.0,0.0,0.0,0.0,0.3,0.26
8.8,165.4,6.19,49.8,89,180.0,180.0,180.0,500.0,500.0,0.0,0.0,0.0,0.3,0.27
8.7,165.8,6.19,49.8,90,180.0,180.0,180.0,500.0,500.0,0.0,0.0,0.0,0.3,0.28
8.6,166.2,6.19,49.8,91,180.0,180.0,180.0,500.0,500.0,0.0,0.0,0.0,0.3,0.28
8.6,166.6,6.19,49.8,92,180.0,180.0,180.0,500.0,500.0,0.0,0.0,0.0,0.3,0.29
8.7,167.0,6.19,49.8,93,180.0,180.0,180.0,500.0,500.0,0.0,0.0,0.0,0.3,0.30
9.3,167.4,6.19,49.8,94,180.0,180.0,180.0,500.0,500.0,0.0,0.0,0.0,0.3,0.30
10.8,167.8,6.19,49.8,95,180.0,180.0,180.0,500.0,500.0,0.0,0.0,0.0,0.3,0.31
12.2,168.0,6.19,49.8,96,180.0,180.0,180.0,500.0,500.0,0.0,0.0,0.0,0.3,0.32
13.1,167.5,6.19,49.8,97,180.0,180.0,180.0,500.0,500.0,0.0,0.0,0.0,0.3,0.33
14.7,166.4,6.19,49.8,98,180.0,180.0,180.0,500.0,500.0,0.0,0.0,0.0,0.3,0.35
15.3,164.9,6.19,50.0,99,180.0,180.0,180.0,500.0,500.0,0.0,0.0,0.0,0.3,0.36
15.3,163.9,6.19,49.8,100,180.0,180.0,180.0,500.0,500.0,0.0,0.0,0.0,0.3,0.37
15.7,163.4,6.19,49.8,101,180.0,180.0,180.0,500.0,500.0,0.0,0.0,0.0,0.3,0.39
16.6,163.3,6.19,49.8,102,180.0,180.0,180.0,500.0,500.0,0.0,0.0,0.0,0.3,0.40
16.6,163.3,6.19,49.8,103,180.0,180.0,180.0,500.0,500.0,0.0,0.0,0.0,0.3,0.41
16.9,163.4,6.19,49.8,104,180.0,180.0,180.0,500.0,500.0,0.0,0.0,0.0,0.3,0.43
17.1,163.6,6.19,49.8,105,180.0,180.0,180.0,500.0,500.0,0.0,0.0,0.0,0.3,0.44
17.0,163.9,6.19,49.8,106,180.0,180.0,180.0,500.0,500.0,0.0,0.0,0.0,0.3,0.46
16.7,164.3,6.19,49.8,107,180.0,180.0,180.0,500.0,500.0,0.0,0.0,0.0,0.3,0.47
16.6,164.6,6.19,49.8,108,180.0,180.0,180.0,500.0,500.0,0.0,0.0,0.0,0.3,0.48
16.5,165.1,6.19,49.8,109,180.0,180.0,180.0,500.0,500.0,0.0,0.0,0.0,0.3,0.50
16.2,165.5,6.19,49.8,110,180.0,180.0,180.0,500.0,500.0,0.0,0.0,0.0,0.3,0.51
15.9,165.8,6.19,49.8,111,180.0,180.0,180.0,500.0,500.0,0.0,0.0,0.0,0.3,0.52
15.8,166.1,6.19,49.8,112,180.0,180.0,180.0,500.0,500.0,0.0,0.0,0.0,0.3,0.54
15.7,166.4,6.19,49.8,113,180.0,180.0,180.0,500.0,500.0,0.0,0.0,0.0,0.3,0.55
15.6,166.7,6.19,49.8,114,180.0,180.0,180.0,500.0,500.0,0.0,0.0,0.0,0.3,0.56
15.5,167.1,6.19,49.8,115,180.0,180.0,180.0,500.0,500.0,0.0,0.0,0.0,0.3,0.58
15.4,167.4,6.19,49.8,116,180.0,180.0,180.0,500.0,500.0,0.0,0.0,0.0,0.3,0.59
15.2,167.8,6.19,49.8,117,180.0,180.0,180.0,500.0,500.0,0.0,0.0,0.0,0.3,0.60
15.1,168.2,6.19,49.8,118,180.0,180.0,180.0,500.0,500.0,0.0,0.0,0.0,0.3,0.61
15.0,168.6,6.19,49.8,119,180.0,180.0,180.0,500.0,500.0,0.0,0.0,0.0,0.3,0.63
14.9,168.9,6.19,49.8,120,180.0,180.0,180.0,500.0,500.0,0.0,0.0,0.0,0.3,0.64
14.8,169.3,6.19,49.8,121,180.0,180.0,180.0,500.0,500.0,0.0,0.0,0.0,0.3,0.65
14.7,169.7,6.19,49.8,122,180.0,180.0,180.0,500.0,500.0,0.0,0.0,0.0,0.3,0.66
14.7,169.9,6.19,49.8,123,180.0,180.0,180.0,500.0,500.0,0.0,0.0,0.0,0.3,0.67
14.6,170.1,6.19,49.8,124,180.0,180.0,180.0,500.0,500.0,0.0,0.0,0.0,0.3,0.69
14.5,170.3,6.19,50.0,125,180.0,180.0,180.0,500.0,500.0,0.0,0.0,0.0,0.3,0.70
14.4,170.7,6.19,49.8,126,180.0,180.0,180.0,500.0,500.0,0.0,0.0,0.0,0.3,0.71
14.3,171.0,6.19,49.8,127,180.0,180.0,180.0,500.0,500.0,0.0,0.0,0.0,0.3,0.72
14.4,171.3,6.19,49.8,128,180.0,180.0,180.0,500.0,500.0,0.0,0.0,0.0,0.3,0.73
14.3,171.6,6.19,49.8,129,180.0,180.0,180.0,500.0,500.0,0.0,0.0,0.0,0.3,0.75
14.3,171.9,6.19,49.8,130,180.0,180.0,180.0,500.0,500.0,0.0,0.0,0.0,0.3,0.76
14.4,172.1,6.19,49.8,131,180.0,180.0,180.0,500.0,500.0,0.0,0.0,0.0,0.3,0.77
14.5,172.4,6.19,49.8,132,180.0,180.0,180.0,500.0,500.0,0.0,0.0,0.0,0.3,0.78
14.4,172.6,6.19,49.8,133,180.0,180.0,180.0,500.0,500.0,0.0,0.0,0.0,0.3,0.79
14.4,172.9,6.19,49.8,134,180.0,180.0,180.0,500.0,500.0,0.0,0.0,0.0,0.3,0.81
14.3,173.1,6.19,49.8,135,180.0,180.0,180.0,500.0,500.0,0.0,0.0,0.0,0.3,0.82
14.2,173.4,6.19,50.0,136,180.0,180.0,180.0,500.0,500.0,0.0,0.0,0.0,0.3,0.83
14.1,173.6,6.19,49.8,137,180.0,180.0,180.0,500.0,500.0,0.0,0.0,0.0,0.3,0.84
14.2,173.8,6.19,49.8,138,180.0,180.0,180.0,500.0,500.0,0.0,0.0,0.0,0.3,0.85
14.2,174.0,6.18,49.8,139,180.0,180.0,180.0,500.0,500.0,0.0,0.0,0.0,0.3,0.87
14.1,174.2,6.18,49.8,140,180.0,180.0,180.0,500.0,500.0,0.0,0.0,0.0,0.3,0.88
14.0,174.4,6.18,49.6,141,180.0,180.0,180.0,500.0,500.0,0.0,0.0,0.0,0.3,0.89
14.0,174.6,6.18,49.8,142,180.0,180.0,180.0,500.0,500.0,0.0,0.0,0.0,0.3,0.90
13.9,174.8,6.18,49.8,143,180.0,180.0,180.0,500.0,500.0,0.0,0.0,0.0,0.3,0.91
14.0,175.0,6.19,49.8,144,180.0,180.0,180.0,500.0,500.0,0.0,0.0,0.0,0.3,0.92
14.0,175.1,6.19,49.8,145,180.0,180.0,180.0,500.0,500.0,0.0,0.0,0.0,0.3,0.93
14.1,175.3,6.19,50.0,146,180.0,180.0,180.0,500.0,500.0,0.0,0.0,0.0,0.3,0.95
14.1,175.5,6.19,49.8,147,180.0,180.0,180.0,500.0,500.0,0.0,0.0,0.0,0.3,0.96
14.2,175.6,6.19,49.8,148,180.0,180.0,180.0,500.0,500.0,0.0,0.0,0.0,0.3,0.97
14.1,175.8,6.19,49.8,149,180.0,180.0,180.0,500.0,500.0,0.0,0.0,0.0,0.3,0.98
14.1,175.9,6.19,49.8,150,180.0,180.0,180.0,500.0,500.0,0.0,0.0,0.0,0.3,0.99
14.0,176.1,6.19,49.8,151,180.0,180.0,180.0,500.0,500.0,0.0,0.0,0.0,0.3,1.01
13.9,176.3,6.19,49.8,152,180.0,180.0,180.0,500.0,500.0,0.0,0.0,0.0,0.3,1.02
13.8,176.4,6.19,49.8,153,180.0,180.0,180.0,500.0,500.0,0.0,0.0,0.0,0.3,1.03
13.8,176.4,6.19,49.8,154,180.0,180.0,180.0,500.0,500.0,0.0,0.0,0.0,0.3,1.04
13.8,176.5,6.19,49.8,155,180.0,180.0,180.0,500.0,500.0,0.0,0.0,0.0,0.3,1.05
13.9,176.7,6.19,49.8,156,180.0,180.0,180.0,500.0,500.0,0.0,0.0,0.0,0.3,1.06
13.9,176.8,6.19,50.0,157,180.0,180.0,180.0,500.0,500.0,0.0,0.0,0.0,0.3,1.07
13.8,177.0,6.19,49.8,158,180.0,180.0,180.0,500.0,500.0,0.0,0.0,0.0,0.3,1.09
13.8,177.1,6.19,49.8,159,180.0,180.0,180.0,500.0,500.0,0.0,0.0,0.0,0.3,1.10
13.7,177.2,6.19,49.8,160,180.0,180.0,180.0,500.0,500.0,0.0,0.0,0.0,0.3,1.11
13.7,177.3,6.19,49.8,161,180.0,180.0,180.0,500.0,500.0,0.0,0.0,0.0,0.3,1.12
13.7,177.4,6.19,49.8,162,180.0,180.0,180.0,500.0,500.0,0.0,0.0,0.0,0.3,1.13
13.7,177.6,6.19,49.8,163,180.0,180.0,180.0,500.0,500.0,0.0,0.0,0.0,0.3,1.14
13.7,177.7,6.19,49.8,164,180.0,180.0,180.0,500.0,500.0,0.0,0.0,0.0,0.3,1.15
13.8,177.8,6.19,49.8,165,180.0,180.0,180.0,500.0,500.0,0.0,0.0,0.0,0.3,1.17
13.8,178.0,6.19,49.8,166,180.0,180.0,180.0,500.0,500.0,0.0,0.0,0.0,0.3,1.18
13.8,178.2,6.19,49.8,167,180.0,180.0,180.0,500.0,500.0,0.0,0.0,0.0,0.3,1.19
13.8,178.3,6.19,50.0,168,180.0,180.0,180.0,500.0,500.0,0.0,0.0,0.0,0.3,1.20
13.8,178.4,6.19,49.8,169,180.0,180.0,180.0,500.0,500.0,0.0,0.0,0.0,0.3,1.21
13.9,178.5,6.19,49.8,170,180.1,180.1,180.0,500.0,500.0,0.0,0.0,0.0,0.3,1.22
13.9,178.6,6.19,49.8,171,180.1,180.1,180.0,500.0,500.0,0.0,0.0,0.0,0.3,1.23
13.9,178.7,6.19,49.8,172,180.1,180.1,180.0,500.0,500.0,0.0,0.0,0.0,0.3,1.25
13.8,178.8,6.19,49.6,173,180.1,180.1,180.0,500.0,500.0,0.0,0.0,0.0,0.3,1.26
13.7,178.8,6.19,49.8,174,180.1,180.1,180.0,500.0,500.0,0.0,0.0,0.0,0.3,1.27
13.7,178.9,6.19,49.8,175,180.1,180.1,180.0,500.0,500.0,0.0,0.0,0.0,0.3,1.28
13.7,179.0,6.19,49.8,176,180.2,180.1,180.0,500.0,500.0,0.0,0.0,0.0,0.3,1.29
13.7,179.1,6.19,49.8,177,180.2,180.1,180.0,500.0,500.0,0.0,0.0,0.0,0.3,1.30
13.9,179.2,6.19,50.0,178,180.2,180.1,180.0,500.0,500.0,0.0,0.0,0.0,0.3,1.31
14.1,179.3,6.19,49.8,179,180.2,180.1,180.0,500.0,500.0,0.0,0.0,0.0,0.3,1.33
14.1,179.4,6.19,49.8,180,180.2,180.1,180.0,500.0,500.0,0.0,0.0,0.0,0.3,1.34
14.0,179.5,6.19,49.8,181,180.2,180.1,180.0,500.0,500.0,0.0,0.0,0.0,0.3,1.35
14.0,179.6,6.19,49.8,182,180.2,180.1,180.0,500.0,500.0,0.0,0.0,0.0,0.3,1.36
13.9,179.7,6.19,49.6,183,180.2,180.1,180.1,500.0,500.0,0.0,0.0,0.0,0.3,1.37
13.8,179.8,6.19,49.8,184,180.2,180.0,180.1,500.0,500.0,0.0,0.0,0.0,0.3,1.38
13.9,179.9,6.19,49.8,185,180.2,180.0,180.1,500.0,500.0,0.0,0.0,0.0,0.3,1.40
14.0,180.0,6.19,49.8,186,180.2,180.0,180.1,500.0,500.0,0.0,0.0,0.0,0.3,1.41
14.1,180.1,6.19,49.8,187,180.2,180.0,180.1,500.0,500.0,0.0,0.0,0.0,0.3,1.42
14.2,180.1,6.19,50.0,188,180.2,180.0,180.1,500.0,500.0,0.0,0.0,0.0,0.3,1.43
14.2,180.2,6.19,49.8,189,180.2,180.0,180.1,500.0,500.0,0.0,0.0,0.0,0.3,1.44
14.2,180.3,6.19,49.8,190,180.2,180.0,180.1,500.0,500.0,0.0,0.0,0.0,0.3,1.45
14.2,180.4,6.19,49.8,191,180.2,180.0,180.1,500.0,500.0,0.0,0.0,0.0,0.3,1.47
14.3,180.4,6.19,49.8,192,180.2,180.0,180.1,500.0,500.0,0.0,0.0,0.0,0.3,1.48
14.3,180.5,6.19,49.8,193,180.2,180.0,180.1,500.0,500.0,0.0,0.0,0.0,0.3,1.49
14.3,180.6,6.19,49.8,194,180.2,180.0,180.1,500.0,500.0,0.0,0.0,0.0,0.3,1.50
14.1,180.7,6.19,49.8,195,180.2,180.0,180.1,500.0,500.0,0.0,0.0,0.0,0.3,1.51
14.1,180.8,6.19,49.8,196,180.2,180.0,180.1,500.0,500.0,0.0,0.0,0.0,0.3,1.53
14.1,180.9,6.19,49.8,197,180.2,180.0,180.1,500.0,500.0,0.0,0.0,0.0,0.3,1.54
14.1,181.0,6.19,49.8,198,180.2,180.0,180.0,500.0,500.0,0.0,0.0,0.0,0.3,1.55
14.1,181.1,6.19,50.0,199,180.2,180.0,180.0,500.0,500.0,0.0,0.0,0.0,0.3,1.56
14.3,181.2,6.19,49.8,200,180.2,180.0,180.0,500.0,500.0,0.0,0.0,0.0,0.3,1.57
14.3,181.3,6.19,49.8,201,180.2,180.0,180.0,500.0,500.0,0.0,0.0,0.0,0.3,1.58
14.3,181.3,6.19,49.8,202,180.2,180.0,180.0,500.0,500.0,0.0,0.0,0.0,0.3,1.60
14.3,181.4,6.19,49.8,203,180.2,180.0,180.0,500.0,500.0,0.0,0.0,0.0,0.3,1.61
14.3,181.5,6.19,49.6,204,180.2,180.0,180.0,500.0,500.0,0.0,0.0,0.0,0.3,1.62
14.3,181.6,6.19,49.8,205,180.1,180.0,180.0,500.0,500.0,0.0,0.0,0.0,0.3,1.63
14.3,181.7,6.19,49.8,206,180.1,180.0,180.0,500.0,500.0,0.0,0.0,0.0,0.3,1.64
14.3,181.8,6.19,49.8,207,180.1,180.0,180.0,500.0,500.0,0.0,0.0,0.0,0.3,1.66
14.3,181.8,6.19,49.8,208,180.1,180.0,180.0,500.0,500.0,0.0,0.0,0.0,0.3,1.67
14.4,181.9,6.19,49.8,209,180.1,180.0,180.0,500.0,500.0,0.0,0.0,0.0,0.3,1.68
14.4,182.0,6.19,49.8,210,180.1,180.0,180.0,500.0,500.0,0.0,0.0,0.0,0.3,1.69
14.4,182.1,6.19,49.8,211,180.1,180.0,180.0,500.0,500.0,0.0,0.0,0.0,0.3,1.70
14.6,182.2,6.19,49.8,212,180.1,180.0,180.0,500.0,500.0,0.0,0.0,0.0,0.3,1.71
14.6,182.2,6.19,49.8,213,180.1,180.0,180.0,500.0,500.0,0.0,0.0,0.0,0.3,1.73
14.6,182.3,6.19,49.8,214,180.1,180.0,180.0,500.0,500.0,0.0,0.0,0.0,0.3,1.74
14.6,182.4,6.19,49.8,215,180.1,180.0,180.0,500.0,500.0,0.0,0.0,0.0,0.3,1.75
14.8,182.5,6.19,49.8,216,180.1,180.0,180.0,500.0,500.0,0.0,0.0,0.0,0.3,1.76
14.6,182.6,6.19,49.8,217,180.1,180.0,180.0,500.0,500.0,0.0,0.0,0.0,0.3,1.78
14.7,182.7,6.19,49.8,218,180.1,180.0,180.0,500.0,500.0,0.0,0.0,0.0,0.3,1.79
14.6,182.8,6.19,50.0,219,180.2,180.0,180.0,500.0,500.0,0.0,0.0,0.0,0.3,1.80
14.5,182.9,6.19,49.8,220,180.2,180.0,180.0,500.0,500.0,0.0,0.0,0.0,0.3,1.81
14.4,182.9,6.19,49.8,221,180.2,180.0,180.0,500.0,500.0,0.0,0.0,0.0,0.3,1.82
14.5,182.9,6.19,49.8,222,180.2,180.0,180.0,500.0,500.0,0.0,0.0,0.0,0.3,1.84
14.6,183.0,6.19,49.8,223,180.2,180.0,180.0,500.0,500.0,0.0,0.0,0.0,0.3,1.85
14.6,183.1,6.19,49.8,224,180.2,180.0,180.0,500.0,500.0,0.0,0.0,0.0,0.3,1.86
14.6,183.2,6.19,49.8,225,180.2,180.0,180.0,500.0,500.0,0.0,0.0,0.0,0.3,1.87
14.5,183.2,6.19,49.8,226,180.2,180.0,180.0,500.0,500.0,0.0,0.0,0.0,0.3,1.88
14.4,183.3,6.19,49.8,227,180.1,180.0,180.0,500.0,500.0,0.0,0.0,0.0,0.3,1.90
14.2,183.4,6.19,49.8,228,180.1,180.0,180.0,500.0,500.0,0.0,0.0,0.0,0.3,1.91
14.1,183.5,6.19,49.8,229,180.1,180.0,180.0,500.0,500.0,0.0,0.0,0.0,0.3,1.92
14.2,183.6,6.19,50.0,230,180.1,180.0,180.0,500.0,500.0,0.0,0.0,0.0,0.3,1.93
14.3,183.6,6.19,49.8,231,180.1,180.0,180.0,500.0,500.0,0.0,0.0,0.0,0.3,1.94
14.4,183.7,6.19,49.8,232,180.1,180.0,180.0,500.0,500.0,0.0,0.0,0.0,0.3,1.96
14.5,183.8,6.19,49.8,233,180.1,180.0,180.0,500.0,500.0,0.0,0.0,0.0,0.3,1.97
14.6,183.9,6.19,49.8,234,180.1,180.0,180.0,500.0,500.0,0.0,0.0,0.0,0.3,1.98
14.6,183.9,6.19,49.6,235,180.1,180.0,180.0,500.0,500.0,0.0,0.0,0.0,0.3,1.99
14.6,184.0,6.19,49.8,236,180.1,180.0,180.0,500.0,500.0,0.0,0.0,0.0,0.3,2.00
14.6,184.0,6.19,49.8,237,180.1,180.0,180.0,500.0,500.0,0.0,0.0,0.0,0.3,2.02
14.6,184.1,6.19,49.8,238,180.1,180.0,180.0,500.0,500.0,0.0,0.0,0.0,0.3,2.03
14.6,184.2,6.19,49.8,239,180.1,180.0,180.0,500.0,500.0,0.0,0.0,0.0,0.3,2.04
14.7,184.2,6.19,49.8,240,180.1,180.0,180.0,500.0,500.0,0.0,0.0,0.0,0.3,2.05
14.6,184.3,6.19,49.8,241,180.1,180.0,180.0,500.0,500.0,0.0,0.0,0.0,0.3,2.06
14.6,184.4,6.19,49.8,242,180.1,180.0,180.0,500.0,500.0,0.0,0.0,0.0,0.3,2.08
14.6,184.5,6.19,49.8,243,180.1,180.0,180.0,500.0,500.0,0.0,0.0,0.0,0.3,2.09
14.4,184.5,6.19,49.8,244,180.1,180.0,180.0,500.0,500.0,0.0,0.0,0.0,0.3,2.10
14.4,184.6,6.19,49.8,245,180.1,180.0,180.0,500.0,500.0,0.0,0.0,0.0,0.3,2.11
14.6,184.7,6.19,49.8,246,180.1,180.0,180.0,500.0,500.0,0.0,0.0,0.0,0.3,2.12
14.6,184.7,6.19,49.8,247,180.1,180.0,180.0,500.0,500.0,0.0,0.0,0.0,0.3,2.14
14.5,184.7,6.19,49.8,248,180.1,180.0,180.0,500.0,500.0,0.0,0.0,0.0,0.3,2.15
14.7,184.8,6.19,49.8,249,180.1,180.0,180.0,500.0,500.0,0.0,0.0,0.0,0.3,2.16
14.6,184.8,6.19,50.0,250,180.1,180.0,180.0,500.0,500.0,0.0,0.0,0.0,0.3,2.17
14.5,184.9,6.18,49.8,251,180.1,180.0,180.0,500.0,500.0,0.0,0.0,0.0,0.3,2.19
14.3,184.9,6.18,49.8,252,180.2,180.0,180.0,500.0,500.0,0.0,0.0,0.0,0.3,2.20
14.2,185.0,6.18,49.8,253,180.2,180.0,180.0,500.0,500.0,0.0,0.0,0.0,0.3,2.21
14.2,185.1,6.18,49.6,254,180.2,180.0,180.0,500.0,500.0,0.0,0.0,0.0,0.3,2.22
14.3,185.1,6.18,49.6,255,180.2,180.0,180.0,500.0,500.0,0.0,0.0,0.0,0.3,2.23
14.4,185.2,6.19,49.6,256,180.2,180.0,180.0,500.0,500.0,0.0,0.0,0.0,0.3,2.24
14.5,185.2,6.19,49.6,257,180.2,180.0,180.0,500.0,500.0,0.0,0.0,0.0,0.3,2.26
14.7,185.3,6.19,49.6,258,180.2,180.0,180.0,500.0,500.0,0.0,0.0,0.0,0.3,2.27
14.7,185.3,6.19,49.8,259,180.2,180.0,180.0,500.0,500.0,0.0,0.0,0.0,0.3,2.28
14.6,185.4,6.19,49.6,260,180.2,180.0,180.0,500.0,500.0,0.0,0.0,0.0,0.3,2.29
14.6,185.5,6.19,49.8,261,180.2,180.0,180.0,500.0,500.0,0.0,0.0,0.0,0.3,2.30
14.4,185.5,6.19,49.8,262,180.2,180.0,180.0,500.0,500.0,0.0,0.0,0.0,0.3,2.32
14.1,185.6,6.19,49.8,263,180.2,180.0,180.0,500.0,500.0,0.0,0.0,0.0,0.3,2.33
14.1,185.7,6.19,49.8,264,180.2,180.0,180.0,500.0,500.0,0.0,0.0,0.0,0.3,2.34
14.2,185.7,6.19,49.8,265,180.2,180.0,180.0,500.0,500.0,0.0,0.0,0.0,0.3,2.35
14.3,185.8,6.19,49.8,266,180.2,180.0,180.0,500.0,500.0,0.0,0.0,0.0,0.3,2.36
14.4,185.8,6.19,49.8,267,180.2,180.0,180.0,500.0,500.0,0.0,0.0,0.0,0.3,2.38
14.4,185.9,6.19,49.8,268,180.2,180.0,180.0,500.0,500.0,0.0,0.0,0.0,0.3,2.39
14.4,185.9,6.19,49.8,269,180.2,180.0,180.1,500.0,500.0,0.0,0.0,0.0,0.3,2.40
14.2,186.0,6.19,49.8,270,180.2,180.0,180.1,500.0,500.0,0.0,0.0,0.0,0.3,2.41
14.2,186.1,6.19,49.6,271,180.2,180.0,180.1,500.0,500.0,0.0,0.0,0.0,0.3,2.42
14.1,186.1,6.19,49.6,272,180.2,180.0,180.1,500.0,500.0,0.0,0.0,0.0,0.3,2.43
14.1,186.2,6.19,49.6,273,180.2,180.0,180.1,500.0,500.0,0.0,0.0,0.0,0.3,2.45
14.1,186.2,6.19,49.6,274,180.2,180.0,180.1,500.0,500.0,0.0,0.0,0.0,0.3,2.46
14.2,186.3,6.19,49.8,275,180.2,180.0,180.1,500.0,500.0,0.0,0.0,0.0,0.3,2.47
14.2,186.3,6.19,49.8,276,180.2,180.0,180.1,500.0,500.0,0.0,0.0,0.0,0.3,2.48
14.3,186.3,6.19,49.8,277,180.2,180.0,180.2,500.0,500.0,0.0,0.0,0.0,0.3,2.49
14.3,186.3,6.19,49.8,278,180.3,180.0,180.2,500.0,500.0,0.0,0.0,0.0,0.3,2.51
14.2,186.4,6.19,49.8,279,180.3,180.0,180.2,500.0,500.0,0.0,0.0,0.0,0.3,2.52
14.2,186.5,6.19,49.6,280,180.3,180.0,180.2,500.0,500.0,0.0,0.0,0.0,0.3,2.53
14.2,186.5,6.19,49.8,281,180.3,180.0,180.2,500.0,500.0,0.0,0.0,0.0,0.3,2.54
14.4,186.5,6.19,49.8,282,180.3,180.0,180.2,500.0,500.0,0.0,0.0,0.0,0.3,2.55
14.4,186.6,6.19,49.8,283,180.3,180.0,180.2,500.0,500.0,0.0,0.0,0.0,0.3,2.56
14.4,186.6,6.19,49.8,284,180.3,180.0,180.2,500.0,500.0,0.0,0.0,0.0,0.3,2.58
14.4,186.6,6.19,50.0,285,180.3,180.0,180.2,500.0,500.0,0.0,0.0,0.0,0.3,2.59
14.4,186.7,6.19,49.8,286,180.3,180.0,180.3,500.0,500.0,0.0,0.0,0.0,0.3,2.60
14.3,186.7,6.19,49.8,287,180.3,180.0,180.3,500.0,500.0,0.0,0.0,0.0,0.3,2.61
14.2,186.8,6.19,49.8,288,180.3,180.0,180.3,500.0,500.0,0.0,0.0,0.0,0.3,2.62
14.2,186.8,6.19,49.8,289,180.3,180.0,180.3,500.0,500.0,0.0,0.0,0.0,0.3,2.64
14.2,186.9,6.19,49.8,290,180.3,180.0,180.3,500.0,500.0,0.0,0.0,0.0,0.3,2.65
14.3,186.9,6.19,49.8,291,180.3,180.0,180.3,500.0,500.0,0.0,0.0,0.0,0.3,2.66
14.4,187.0,6.19,49.8,292,180.3,180.0,180.3,500.0,500.0,0.0,0.0,0.0,0.3,2.67
14.4,187.0,6.19,49.8,293,180.3,180.0,180.3,500.0,500.0,0.0,0.0,0.0,0.3,2.68
14.4,187.0,6.19,49.8,294,180.3,180.0,180.3,500.0,500.0,0.0,0.0,0.0,0.3,2.70
14.2,187.1,6.19,49.8,295,180.3,180.0,180.3,500.0,500.0,0.0,0.0,0.0,0.3,2.71
14.0,187.2,6.19,50.0,296,180.3,180.0,180.3,500.0,500.0,0.0,0.0,0.0,0.3,2.72
13.9,187.2,6.19,50.0,297,180.3,180.0,180.4,500.0,500.0,0.0,0.0,0.0,0.3,2.73
13.9,187.2,6.19,50.0,298,180.3,180.0,180.4,500.0,500.0,0.0,0.0,0.0,0.3,2.74
13.9,187.3,6.19,50.0,299,180.3,180.0,180.4,500.0,500.0,0.0,0.0,0.0,0.3,2.75
14.1,187.3,6.19,50.0,300,180.3,180.0,180.4,500.0,500.0,0.0,0.0,0.0,0.3,2.77
14.2,187.3,6.19,50.0,301,180.3,180.0,180.4,500.0,500.0,0.0,0.0,0.0,0.3,2.78
14.3,187.4,6.19,49.8,302,180.3,180.0,180.4,500.0,500.0,0.0,0.0,0.0,0.3,2.79
14.3,187.4,6.19,49.8,303,180.3,180.0,180.4,500.0,500.0,0.0,0.0,0.0,0.3,2.80
14.2,187.4,6.19,49.8,304,180.3,180.0,180.4,500.0,500.0,0.0,0.0,0.0,0.3,2.81
14.0,187.5,6.19,49.8,305,180.3,180.0,180.4,500.0,500.0,0.0,0.0,0.0,0.3,2.82
13.9,187.5,6.19,49.8,306,180.3,180.0,180.4,500.0,500.0,0.0,0.0,0.0,0.3,2.84
13.9,187.5,6.19,49.8,307,180.3,180.0,180.4,500.0,500.0,0.0,0.0,0.0,0.3,2.85
14.0,187.6,6.19,49.8,308,180.3,180.0,180.4,500.0,500.0,0.0,0.0,0.0,0.3,2.86
14.1,187.7,6.19,49.8,309,180.3,180.0,180.4,500.0,500.0,0.0,0.0,0.0,0.3,2.87
14.2,187.7,6.19,49.8,310,180.3,180.0,180.4,500.0,500.0,0.0,0.0,0.0,0.3,2.88
14.2,187.8,6.19,49.6,311,180.3,180.0,180.4,500.0,500.0,0.0,0.0,0.0,0.3,2.89
14.2,187.9,6.19,49.8,312,180.3,180.0,180.4,500.0,500.0,0.0,0.0,0.0,0.3,2.91
14.2,187.9,6.19,49.6,313,180.3,180.0,180.4,500.0,500.0,0.0,0.0,0.0,0.3,2.92
14.1,187.9,6.19,49.6,314,180.4,180.0,180.5,500.0,500.0,0.0,0.0,0.0,0.3,2.93
14.2,187.9,6.19,49.6,315,180.3,180.0,180.5,500.0,500.0,0.0,0.0,0.0,0.3,2.94
14.2,187.9,6.19,49.8,316,180.3,180.0,180.5,500.0,500.0,0.0,0.0,0.0,0.3,2.95
14.2,187.9,6.19,49.6,317,180.3,180.0,180.4,500.0,500.0,0.0,0.0,0.0,0.3,2.96
14.2,187.9,6.19,49.8,318,180.3,180.0,180.4,500.0,500.0,0.0,0.0,0.0,0.3,2.98
14.2,188.0,6.19,49.8,319,180.2,180.0,180.4,500.0,500.0,0.0,0.0,0.0,0.3,2.99
14.1,188.1,6.19,49.8,320,180.2,180.0,180.4,500.0,500.0,0.0,0.0,0.0,0.3,3.00
14.0,188.1,6.19,49.8,321,180.3,180.0,180.4,500.0,500.0,0.0,0.0,0.0,0.3,3.01
14.0,188.2,6.19,49.8,322,180.3,180.0,180.4,500.0,500.0,0.0,0.0,0.0,0.3,3.02
14.1,188.2,6.19,49.8,323,180.3,180.0,180.4,500.0,500.0,0.0,0.0,0.0,0.3,3.03
14.3,188.2,6.19,49.8,324,180.3,180.0,180.4,500.0,500.0,0.0,0.0,0.0,0.3,3.05
14.2,188.3,6.19,49.8,325,180.3,180.0,180.4,500.0,500.0,0.0,0.0,0.0,0.3,3.06
14.1,188.3,6.19,49.8,326,180.3,180.0,180.4,500.0,500.0,0.0,0.0,0.0,0.3,3.07
14.0,188.3,6.19,50.0,327,180.3,180.0,180.4,500.0,500.0,0.0,0.0,0.0,0.3,3.08
13.9,188.3,6.19,50.0,328,180.3,180.0,180.4,500.0,500.0,0.0,0.0,0.0,0.3,3.09
13.8,188.4,6.19,50.0,329,180.3,180.0,180.4,500.0,500.0,0.0,0.0,0.0,0.3,3.11
13.8,188.4,6.19,50.0,330,180.3,180.0,180.4,500.0,500.0,0.0,0.0,0.0,0.3,3.12
13.7,188.4,6.19,50.0,331,180.3,180.0,180.4,500.0,500.0,0.0,0.0,0.0,0.3,3.13
13.9,188.5,6.19,50.0,332,180.3,180.0,180.3,500.0,500.0,0.0,0.0,0.0,0.3,3.14
13.8,188.5,6.19,49.8,333,180.3,180.0,180.3,500.0,500.0,0.0,0.0,0.0,0.3,3.15
13.9,188.6,6.19,49.8,334,180.3,180.0,180.3,500.0,500.0,0.0,0.0,0.0,0.3,3.16
14.0,188.6,6.19,49.8,335,180.3,180.0,180.3,500.0,500.0,0.0,0.0,0.0,0.3,3.17
14.0,188.6,6.19,49.8,336,180.3,180.0,180.3,500.0,500.0,0.0,0.0,0.0,0.3,3.19
13.9,188.6,6.19,49.6,337,180.3,180.0,180.3,500.0,500.0,0.0,0.0,0.0,0.3,3.20
13.9,188.6,6.19,49.8,338,180.3,180.0,180.3,500.0,500.0,0.0,0.0,0.0,0.3,3.21
14.0,188.6,6.19,49.8,339,180.3,180.0,180.3,500.0,500.0,0.0,0.0,0.0,0.3,3.22
14.0,188.7,6.19,49.8,340,180.3,180.0,180.3,500.0,500.0,0.0,0.0,0.0,0.3,3.23
14.0,188.7,6.19,49.8,341,180.3,180.0,180.3,500.0,500.0,0.0,0.0,0.0,0.3,3.24
13.9,188.7,6.19,49.8,342,180.3,180.0,180.2,500.0,500.0,0.0,0.0,0.0,0.3,3.26
13.8,188.8,6.19,49.8,343,180.3,180.0,180.2,500.0,500.0,0.0,0.0,0.0,0.3,3.27
13.7,188.8,6.19,49.8,344,180.3,180.0,180.2,500.0,500.0,0.0,0.0,0.0,0.3,3.28
13.7,188.8,6.19,49.8,345,180.3,180.0,180.2,500.0,500.0,0.0,0.0,0.0,0.3,3.29
13.7,188.9,6.19,49.8,346,180.3,180.0,180.2,500.0,500.0,0.0,0.0,0.0,0.3,3.30
13.9,188.9,6.19,50.0,347,180.3,180.0,180.2,500.0,500.0,0.0,0.0,0.0,0.3,3.31
14.1,188.9,6.19,49.8,348,180.3,180.0,180.2,500.0,500.0,0.0,0.0,0.0,0.3,3.32
14.1,188.9,6.19,49.8,349,180.3,180.0,180.1,500.0,500.0,0.0,0.0,0.0,0.3,3.34
14.1,189.0,6.19,49.8,350,180.3,180.0,180.1,500.0,500.0,0.0,0.0,0.0,0.3,3.35
14.1,189.0,6.19,49.8,351,180.3,180.0,180.1,500.0,500.0,0.0,0.0,0.0,0.3,3.36
14.0,189.0,6.19,49.8,352,180.3,180.0,180.1,500.0,500.0,0.0,0.0,0.0,0.3,3.37
13.9,189.0,6.19,49.8,353,180.3,180.0,180.1,500.0,500.0,0.0,0.0,0.0,0.3,3.38
13.9,189.0,6.19,49.8,354,180.3,180.0,180.1,500.0,500.0,0.0,0.0,0.0,0.3,3.39
14.1,189.1,6.19,49.8,355,180.3,180.0,180.1,500.0,500.0,0.0,0.0,0.0,0.3,3.41
14.2,189.1,6.19,49.8,356,180.3,180.0,180.1,500.0,500.0,0.0,0.0,0.0,0.3,3.42
14.2,189.2,6.19,49.8,357,180.3,180.0,180.1,500.0,500.0,0.0,0.0,0.0,0.3,3.43
14.1,189.2,6.19,50.0,358,180.4,180.0,180.1,500.0,500.0,0.0,0.0,0.0,0.3,3.44
14.0,189.2,6.19,49.8,359,180.4,180.0,180.1,500.0,500.0,0.0,0.0,0.0,0.3,3.45
13.9,189.2,6.19,49.8,360,180.4,180.0,180.1,500.0,500.0,0.0,0.0,0.0,0.3,3.46
14.0,189.2,6.19,49.8,361,180.4,180.0,180.1,500.0,500.0,0.0,0.0,0.0,0.3,3.48
13.9,189.2,6.19,49.8,362,180.3,180.0,180.0,500.0,500.0,0.0,0.0,0.0,0.3,3.49
13.9,189.2,6.19,49.8,363,180.3,180.0,180.0,500.0,500.0,0.0,0.0,0.0,0.3,3.50
13.9,189.3,6.19,49.8,364,180.3,180.0,180.0,500.0,500.0,0.0,0.0,0.0,0.3,3.51
14.0,189.4,6.19,49.8,365,180.3,180.0,180.0,500.0,500.0,0.0,0.0,0.0,0.3,3.52
13.9,189.4,6.19,49.8,366,180.3,180.0,180.0,500.0,500.0,0.0,0.0,0.0,0.3,3.53
14.1,189.4,6.19,49.8,367,180.3,180.0,180.0,500.0,500.0,0.0,0.0,0.0,0.3,3.55
14.2,189.4,6.19,49.6,368,180.3,180.0,180.0,500.0,500.0,0.0,0.0,0.0,0.3,3.56
14.2,189.4,6.19,49.8,369,180.4,180.0,180.0,500.0,500.0,0.0,0.0,0.0,0.3,3.57
14.1,189.4,6.19,49.8,370,180.4,180.0,180.0,500.0,500.0,0.0,0.0,0.0,0.3,3.58
14.1,189.4,6.18,49.8,371,180.3,180.0,180.0,500.0,500.0,0.0,0.0,0.0,0.3,3.59
14.2,189.5,6.18,49.8,372,180.3,180.0,180.0,500.0,500.0,0.0,0.0,0.0,0.3,3.60
14.1,189.5,6.18,49.8,373,180.3,180.0,180.0,500.0,500.0,0.0,0.0,0.0,0.3,3.62
14.0,189.5,6.18,49.8,374,180.3,180.0,180.0,500.0,500.0,0.0,0.0,0.0,0.3,3.63
13.9,189.5,6.18,49.8,375,180.3,180.0,180.0,500.0,500.0,0.0,0.0,0.0,0.3,3.64
13.9,189.6,6.19,49.8,376,180.3,180.0,180.0,500.0,500.0,0.0,0.0,0.0,0.3,3.65
14.0,189.6,6.19,49.8,377,180.3,180.0,180.0,500.0,500.0,0.0,0.0,0.0,0.3,3.66
14.1,189.6,6.19,49.8,378,180.3,180.0,180.0,500.0,500.0,0.0,0.0,0.0,0.3,3.67
14.1,189.6,6.19,49.8,379,180.3,180.0,180.0,500.0,500.0,0.0,0.0,0.0,0.3,3.69
14.3,189.6,6.19,49.8,380,180.3,180.0,180.0,500.0,500.0,0.0,0.0,0.0,0.3,3.70
14.3,189.6,6.19,49.8,381,180.3,180.0,180.0,500.0,500.0,0.0,0.0,0.0,0.3,3.71
14.2,189.6,6.19,49.8,382,180.3,180.0,180.0,500.0,500.0,0.0,0.0,0.0,0.3,3.72
14.0,189.7,6.19,50.0,383,180.3,180.0,180.0,500.0,500.0,0.0,0.0,0.0,0.3,3.73
13.9,189.7,6.19,49.8,384,180.3,180.0,180.0,500.0,500.0,0.0,0.0,0.0,0.3,3.74
13.7,189.7,6.19,49.8,385,180.3,180.0,180.0,500.0,500.0,0.0,0.0,0.0,0.3,3.76
13.7,189.7,6.19,49.8,386,180.3,180.0,180.0,500.0,500.0,0.0,0.0,0.0,0.3,3.77
13.8,189.8,6.19,49.8,387,180.3,180.0,180.0,500.0,500.0,0.0,0.0,0.0,0.3,3.78
13.9,189.8,6.19,49.8,388,180.3,180.0,180.0,500.0,500.0,0.0,0.0,0.0,0.3,3.79
13.9,189.8,6.19,50.0,389,180.3,180.0,180.0,500.0,500.0,0.0,0.0,0.0,0.3,3.80
13.9,189.9,6.19,50.0,390,180.3,180.0,180.0,500.0,500.0,0.0,0.0,0.0,0.3,3.81
13.9,189.9,6.19,50.0,391,180.3,180.0,180.0,500.0,500.0,0.0,0.0,0.0,0.3,3.82
13.9,189.9,6.19,50.0,392,180.3,180.0,180.0,500.0,500.0,0.0,0.0,0.0,0.3,3.84
13.8,189.9,6.19,50.0,393,180.3,180.0,180.0,500.0,500.0,0.0,0.0,0.0,0.3,3.85
13.7,189.9,6.19,50.0,394,180.3,180.0,180.0,500.0,500.0,0.0,0.0,0.0,0.3,3.86
13.8,190.0,6.19,49.8,395,180.3,180.0,180.0,500.0,500.0,0.0,0.0,0.0,0.3,3.87
13.8,190.0,6.19,49.8,396,180.3,180.0,180.0,500.0,500.0,0.0,0.0,0.0,0.3,3.88
13.8,190.0,6.19,49.8,397,180.3,180.0,180.0,500.0,500.0,0.0,0.0,0.0,0.3,3.89
13.9,190.0,6.19,49.8,398,180.3,180.0,180.0,500.0,500.0,0.0,0.0,0.0,0.3,3.90
13.9,190.0,6.19,49.6,399,180.3,180.0,180.0,500.0,500.0,0.0,0.0,0.0,0.3,3.92
13.8,190.0,6.19,49.8,400,180.3,180.0,180.0,500.0,500.0,0.0,0.0,0.0,0.3,3.93
13.8,190.0,6.18,49.8,401,180.3,180.0,180.0,500.0,500.0,0.0,0.0,0.0,0.3,3.94
13.8,190.0,6.18,49.8,402,180.3,180.0,180.0,500.0,500.0,0.0,0.0,0.0,0.3,3.95
13.8,190.1,6.18,49.8,403,180.3,180.0,180.0,500.0,500.0,0.0,0.0,0.0,0.3,3.96
13.9,190.1,6.18,49.8,404,180.3,180.0,180.0,500.0,500.0,0.0,0.0,0.0,0.3,3.97
13.9,190.1,6.18,49.8,405,180.3,180.0,180.0,500.0,500.0,0.0,0.0,0.0,0.3,3.98
13.9,190.1,6.19,49.8,406,180.3,180.0,180.0,500.0,500.0,0.0,0.0,0.0,0.3,4.00
13.8,190.1,6.19,49.8,407,180.3,180.0,180.0,500.0,500.0,0.0,0.0,0.0,0.3,4.01
13.7,190.1,6.19,49.8,408,180.3,180.0,180.0,500.0,500.0,0.0,0.0,0.0,0.3,4.02
13.6,190.1,6.19,49.8,409,180.3,180.0,180.0,500.0,500.0,0.0,0.0,0.0,0.3,4.03
13.5,190.2,6.19,49.6,410,180.3,180.0,180.0,500.0,500.0,0.0,0.0,0.0,0.3,4.04
13.6,190.2,6.19,49.6,411,180.4,180.0,180.0,500.0,500.0,0.0,0.0,0.0,0.3,4.05
13.7,190.2,6.19,49.6,412,180.4,180.0,180.0,500.0,500.0,0.0,0.0,0.0,0.3,4.06
13.8,190.2,6.19,49.6,413,180.4,180.0,180.0,500.0,500.0,0.0,0.0,0.0,0.3,4.08
13.9,190.2,6.19,49.8,414,180.4,180.0,180.0,500.0,500.0,0.0,0.0,0.0,0.3,4.09
13.9,190.2,6.19,49.8,415,180.4,180.0,180.0,500.0,500.0,0.0,0.0,0.0,0.3,4.10
13.8,190.2,6.19,49.8,416,180.4,180.0,180.0,500.0,500.0,0.0,0.0,0.0,0.3,4.11
13.7,190.2,6.19,49.8,417,180.4,180.0,180.0,500.0,500.0,0.0,0.0,0.0,0.3,4.12
13.7,190.2,6.19,49.8,418,180.4,180.0,180.0,500.0,500.0,0.0,0.0,0.0,0.3,4.13
13.9,190.3,6.19,49.6,419,180.4,180.0,180.0,500.0,500.0,0.0,0.0,0.0,0.3,4.14
13.9,190.3,6.19,49.8,420,180.4,180.0,180.0,500.0,500.0,0.0,0.0,0.0,0.3,4.16
13.9,190.3,6.19,49.8,421,180.4,180.0,180.0,500.0,500.0,0.0,0.0,0.0,0.3,4.17
13.9,190.3,6.19,49.8,422,180.4,180.0,180.0,500.0,500.0,0.0,0.0,0.0,0.3,4.18
13.9,190.3,6.19,49.8,423,180.4,180.0,180.0,500.0,500.0,0.0,0.0,0.0,0.3,4.19
13.8,190.3,6.19,49.8,424,180.4,180.0,180.0,500.0,500.0,0.0,0.0,0.0,0.3,4.20
13.6,190.3,6.19,49.8,425,180.4,180.0,180.0,500.0,500.0,0.0,0.0,0.0,0.3,4.21
13.6,190.3,6.19,49.8,426,180.4,180.0,180.0,500.0,500.0,0.0,0.0,0.0,0.3,4.22
13.7,190.3,6.19,49.8,427,180.4,180.0,180.0,500.0,500.0,0.0,0.0,0.0,0.3,4.24
13.7,190.3,6.19,49.8,428,180.4,180.0,180.0,500.0,500.0,0.0,0.0,0.0,0.3,4.25
13.8,190.4,6.19,49.8,429,180.4,180.0,180.0,500.0,500.0,0.0,0.0,0.0,0.3,4.26
13.9,190.4,6.19,49.8,430,180.4,180.0,180.0,500.0,500.0,0.0,0.0,0.0,0.3,4.27
13.9,190.4,6.19,49.8,431,180.4,180.0,180.0,500.0,500.0,0.0,0.0,0.0,0.3,4.28
13.9,190.4,6.19,49.8,432,180.4,180.0,180.0,500.0,500.0,0.0,0.0,0.0,0.3,4.29
13.8,190.5,6.19,49.8,433,180.4,180.0,180.0,500.0,500.0,0.0,0.0,0.0,0.3,4.30
13.7,190.5,6.19,50.0,434,180.4,180.0,180.0,500.0,500.0,0.0,0.0,0.0,0.3,4.32
13.8,190.5,6.19,49.8,435,180.4,180.0,180.0,500.0,500.0,0.0,0.0,0.0,0.3,4.33
13.8,190.5,6.19,49.8,436,180.4,180.0,180.0,500.0,500.0,0.0,0.0,0.0,0.3,4.34
13.8,190.5,6.19,49.8,437,180.4,180.0,180.0,500.0,500.0,0.0,0.0,0.0,0.3,4.35
13.9,190.5,6.19,49.8,438,180.3,180.0,180.0,500.0,500.0,0.0,0.0,0.0,0.3,4.36
13.9,190.5,6.19,49.8,439,180.3,180.0,180.0,500.0,500.0,0.0,0.0,0.0,0.3,4.37
13.8,190.5,6.19,49.8,440,180.3,180.0,180.0,500.0,500.0,0.0,0.0,0.0,0.3,4.39
13.8,190.5,6.19,49.8,441,180.3,180.0,180.0,500.0,500.0,0.0,0.0,0.0,0.3,4.40
13.7,190.6,6.19,49.8,442,180.3,180.0,180.0,500.0,500.0,0.0,0.0,0.0,0.3,4.41
13.6,190.6,6.19,49.8,443,180.3,180.0,180.0,500.0,500.0,0.0,0.0,0.0,0.3,4.42
13.6,190.6,6.19,49.6,444,180.3,180.0,180.0,500.0,500.0,0.0,0.0,0.0,0.3,4.43
13.6,190.6,6.19,49.8,445,180.3,180.0,180.0,500.0,500.0,0.0,0.0,0.0,0.3,4.44
13.7,190.6,6.19,49.8,446,180.3,180.0,180.0,500.0,500.0,0.0,0.0,0.0,0.3,4.45
13.7,190.6,6.19,49.8,447,180.3,180.0,180.0,500.0,500.0,0.0,0.0,0.0,0.3,4.46
13.7,190.6,6.19,49.8,448,180.3,180.0,180.0,500.0,500.0,0.0,0.0,0.0,0.3,4.48
13.7,190.6,6.19,49.8,449,180.3,180.0,180.0,500.0,500.0,0.0,0.0,0.0,0.3,4.49
13.7,190.6,6.19,49.8,450,180.3,180.0,180.0,500.0,500.0,0.0,0.0,0.0,0.3,4.50
13.7,190.6,6.19,49.8,451,180.3,180.0,180.0,500.0,500.0,0.0,0.0,0.0,0.3,4.51
13.9,190.7,6.19,49.8,452,180.3,180.0,180.0,500.0,500.0,0.0,0.0,0.0,0.3,4.52
13.8,190.8,6.19,49.8,453,180.3,180.0,180.0,500.0,500.0,0.0,0.0,0.0,0.3,4.53
13.9,190.8,6.19,49.8,454,180.3,180.0,180.0,500.0,500.0,0.0,0.0,0.0,0.3,4.54
13.9,190.8,6.19,49.8,455,180.3,180.0,180.0,500.0,500.0,0.0,0.0,0.0,0.3,4.56
13.8,190.8,6.19,49.8,456,180.4,180.0,180.0,500.0,500.0,0.0,0.0,0.0,0.3,4.57
13.7,190.8,6.19,49.8,457,180.4,180.0,180.1,500.0,500.0,0.0,0.0,0.0,0.3,4.58
13.7,190.8,6.19,49.8,458,180.4,180.0,180.1,500.0,500.0,0.0,0.0,0.0,0.3,4.59
13.7,190.9,6.19,50.0,459,180.4,180.0,180.1,500.0,500.0,0.0,0.0,0.0,0.3,4.60
13.7,190.9,6.19,49.8,460,180.4,180.0,180.1,500.0,500.0,0.0,0.0,0.0,0.3,4.61
13.8,190.9,6.19,49.8,461,180.4,180.0,180.1,500.0,500.0,0.0,0.0,0.0,0.3,4.62
13.9,190.9,6.19,49.8,462,180.4,180.0,180.1,500.0,500.0,0.0,0.0,0.0,0.3,4.64
13.9,190.9,6.19,49.8,463,180.4,180.0,180.1,500.0,500.0,0.0,0.0,0.0,0.3,4.65
13.7,190.9,6.19,49.8,464,180.4,180.0,180.1,500.0,500.0,0.0,0.0,0.0,0.3,4.66
13.6,190.9,6.19,49.8,465,180.4,180.0,180.1,500.0,500.0,0.0,0.0,0.0,0.3,4.67
13.4,190.9,6.19,49.8,466,180.4,180.0,180.1,500.0,500.0,0.0,0.0,0.0,0.3,4.68
13.5,190.9,6.19,49.8,467,180.4,180.0,180.1,500.0,500.0,0.0,0.0,0.0,0.3,4.69
13.7,190.9,6.19,49.8,468,180.4,180.0,180.1,500.0,500.0,0.0,0.0,0.0,0.3,4.70
13.7,190.9,6.19,49.6,469,180.4,180.0,180.1,500.0,500.0,0.0,0.0,0.0,0.3,4.72
13.8,191.0,6.19,49.8,470,180.4,180.0,180.1,500.0,500.0,0.0,0.0,0.0,0.3,4.73
13.9,191.0,6.19,49.6,471,180.4,180.0,180.1,500.0,500.0,0.0,0.0,0.0,0.3,4.74
13.8,191.0,6.19,49.6,472,180.4,180.0,180.1,500.0,500.0,0.0,0.0,0.0,0.3,4.75
13.7,191.0,6.19,49.6,473,180.4,180.0,180.1,500.0,500.0,0.0,0.0,0.0,0.3,4.76
13.7,191.0,6.19,49.6,474,180.4,180.0,180.1,500.0,500.0,0.0,0.0,0.0,0.3,4.77
13.5,191.0,6.19,49.6,475,180.4,180.0,180.1,500.0,500.0,0.0,0.0,0.0,0.3,4.78
13.5,191.0,6.19,49.8,476,180.4,180.0,180.1,500.0,500.0,0.0,0.0,0.0,0.3,4.79
13.6,191.0,6.19,49.8,477,180.4,180.0,180.1,500.0,500.0,0.0,0.0,0.0,0.3,4.81
13.6,191.0,6.19,49.8,478,180.4,180.0,180.1,500.0,500.0,0.0,0.0,0.0,0.3,4.82
13.6,191.0,6.19,50.0,479,180.4,180.0,180.1,500.0,500.0,0.0,0.0,0.0,0.3,4.83
13.6,191.0,6.19,49.8,480,180.4,180.0,180.1,500.0,500.0,0.0,0.0,0.0,0.3,4.84
13.5,191.0,6.19,49.8,481,180.3,180.0,180.1,500.0,500.0,0.0,0.0,0.0,0.3,4.85
13.6,191.0,6.19,49.8,482,180.3,180.0,180.1,500.0,500.0,0.0,0.0,0.0,0.3,4.86
13.6,191.0,6.19,49.8,483,180.3,180.0,180.1,500.0,500.0,0.0,0.0,0.0,0.3,4.87
13.6,191.0,6.19,49.8,484,180.3,180.0,180.1,500.0,500.0,0.0,0.0,0.0,0.3,4.88
13.8,191.0,6.19,49.8,485,180.3,180.0,180.1,500.0,500.0,0.0,0.0,0.0,0.3,4.90
13.8,191.0,6.19,49.8,486,180.3,180.0,180.1,500.0,500.0,0.0,0.0,0.0,0.3,4.91
13.8,191.0,6.19,49.8,487,180.3,180.0,180.1,500.0,500.0,0.0,0.0,0.0,0.3,4.92
13.8,191.0,6.19,49.8,488,180.3,180.0,180.1,500.0,500.0,0.0,0.0,0.0,0.3,4.93
13.8,191.0,6.19,49.8,489,180.3,180.0,180.1,500.0,500.0,0.0,0.0,0.0,0.3,4.94
13.8,191.0,6.19,50.0,490,180.3,180.0,180.1,500.0,500.0,0.0,0.0,0.0,0.3,4.95
13.8,191.0,6.19,49.8,491,180.3,180.0,180.1,500.0,500.0,0.0,0.0,0.0,0.3,4.97
13.8,191.1,6.19,49.8,492,180.3,180.0,180.1,500.0,500.0,0.0,0.0,0.0,0.3,4.98
13.7,191.1,6.19,49.8,493,180.3,180.0,180.1,500.0,500.0,0.0,0.0,0.0,0.3,4.99
13.9,191.1,6.19,49.6,494,180.3,180.0,180.1,500.0,500.0,0.0,0.0,0.0,0.3,5.00
13.7,191.1,6.19,49.6,495,180.3,180.0,180.1,500.0,500.0,0.0,0.0,0.0,0.3,5.01
13.6,191.1,6.19,49.8,496,180.3,180.0,180.1,500.0,500.0,0.0,0.0,0.0,0.3,5.02
13.5,191.1,6.19,49.8,497,180.3,180.0,180.1,500.0,500.0,0.0,0.0,0.0,0.3,5.03
13.6,191.1,6.19,49.8,498,180.3,180.0,180.1,500.0,500.0,0.0,0.0,0.0,0.3,5.04
13.5,191.1,6.19,50.0,499,180.3,180.0,180.1,500.0,500.0,0.0,0.0,0.0,0.3,5.06
13.6,191.1,6.19,49.8,500,180.2,180.0,180.1,500.0,500.0,0.0,0.0,0.0,0.3,5.07
13.7,191.1,6.19,49.8,501,180.2,180.0,180.0,500.0,500.0,0.0,0.0,0.0,0.3,5.08
13.7,191.1,6.19,49.8,502,180.2,180.0,180.0,500.0,500.0,0.0,0.0,0.0,0.3,5.09
13.7,191.1,6.19,49.8,503,180.2,180.0,180.0,500.0,500.0,0.0,0.0,0.0,0.3,5.10
13.7,191.1,6.19,49.8,504,180.2,180.0,180.0,500.0,500.0,0.0,0.0,0.0,0.3,5.11
13.6,191.1,6.19,49.8,505,180.2,180.0,180.0,500.0,500.0,0.0,0.0,0.0,0.3,5.12
13.6,191.2,6.19,49.8,506,180.2,180.0,180.0,500.0,500.0,0.0,0.0,0.0,0.3,5.14
13.6,191.2,6.19,49.8,507,180.2,180.0,180.0,500.0,500.0,0.0,0.0,0.0,0.3,5.15
13.6,191.1,6.19,49.8,508,180.2,180.0,180.0,500.0,500.0,0.0,0.0,0.0,0.3,5.16
13.7,191.1,6.19,49.8,509,180.2,180.0,180.0,500.0,500.0,0.0,0.0,0.0,0.3,5.17
13.8,191.1,6.19,49.8,510,180.2,180.0,180.0,500.0,500.0,0.0,0.0,0.0,0.3,5.18
13.8,191.2,6.19,49.8,511,180.2,180.0,180.0,500.0,500.0,0.0,0.0,0.0,0.3,5.19
13.8,191.2,6.19,49.8,512,180.2,180.0,180.0,500.0,500.0,0.0,0.0,0.0,0.3,5.20
13.8,191.2,6.19,49.8,513,180.2,180.0,180.0,500.0,500.0,0.0,0.0,0.0,0.3,5.21
13.6,191.2,6.19,49.6,514,180.2,180.0,180.0,500.0,500.0,0.0,0.0,0.0,0.3,5.23
13.7,191.2,6.19,49.8,515,180.2,180.0,180.0,500.0,500.0,0.0,0.0,0.0,0.3,5.24
13.8,191.2,6.19,49.8,516,180.2,180.0,180.0,500.0,500.0,0.0,0.0,0.0,0.3,5.25
13.6,191.2,6.18,49.8,517,180.2,180.0,180.0,500.0,500.0,0.0,0.0,0.0,0.3,5.26
13.4,191.2,6.18,49.8,518,180.2,180.0,180.0,500.0,500.0,0.0,0.0,0.0,0.3,5.27
13.6,191.2,6.18,50.0,519,180.2,180.0,180.0,500.0,500.0,0.0,0.0,0.0,0.3,5.28
13.4,191.2,6.18,50.0,520,180.2,180.0,180.0,500.0,500.0,0.0,0.0,0.0,0.3,5.29
13.3,191.2,6.18,49.8,521,180.2,180.0,180.0,500.0,500.0,0.0,0.0,0.0,0.3,5.30
13.3,191.2,6.19,49.8,522,180.2,180.0,180.0,500.0,500.0,0.0,0.0,0.0,0.3,5.32
13.4,191.2,6.19,49.8,523,180.2,180.0,180.0,500.0,500.0,0.0,0.0,0.0,0.3,5.33
13.4,191.2,6.19,49.8,524,180.2,180.0,180.0,500.0,500.0,0.0,0.0,0.0,0.3,5.34
13.6,191.2,6.19,49.6,525,180.2,180.0,180.0,500.0,500.0,0.0,0.0,0.0,0.3,5.35
13.7,191.3,6.19,49.8,526,180.2,180.0,180.0,500.0,500.0,0.0,0.0,0.0,0.3,5.36
13.7,191.3,6.19,49.8,527,180.2,180.0,180.0,500.0,500.0,0.0,0.0,0.0,0.3,5.37
13.6,191.3,6.19,49.8,528,180.2,180.0,180.0,500.0,500.0,0.0,0.0,0.0,0.3,5.38
13.6,191.3,6.19,49.8,529,180.2,180.0,180.0,500.0,500.0,0.0,0.0,0.0,0.3,5.39
13.6,191.3,6.19,49.8,530,180.2,180.0,180.0,500.0,500.0,0.0,0.0,0.0,0.3,5.41
13.7,191.3,6.19,49.8,531,180.2,180.0,180.0,500.0,500.0,0.0,0.0,0.0,0.3,5.42
13.7,191.3,6.19,49.8,532,180.2,180.0,180.0,500.0,500.0,0.0,0.0,0.0,0.3,5.43
13.8,191.3,6.19,49.8,533,180.2,180.0,180.0,500.0,500.0,0.0,0.0,0.0,0.3,5.44
13.9,191.3,6.19,49.6,534,180.2,180.0,180.0,500.0,500.0,0.0,0.0,0.0,0.3,5.45
13.9,191.4,6.19,49.8,535,180.2,180.0,180.0,500.0,500.0,0.0,0.0,0.0,0.3,5.46
13.8,191.4,6.19,49.8,536,180.2,180.0,180.0,500.0,500.0,0.0,0.0,0.0,0.3,5.47
13.7,191.4,6.19,49.8,537,180.2,180.0,180.0,500.0,500.0,0.0,0.0,0.0,0.3,5.49
13.8,191.4,6.19,49.8,538,180.2,180.0,180.0,500.0,500.0,0.0,0.0,0.0,0.3,5.50
13.8,191.4,6.19,50.0,539,180.2,180.0,180.0,500.0,500.0,0.0,0.0,0.0,0.3,5.51
13.7,191.4,6.19,49.8,540,180.2,180.0,180.0,500.0,500.0,0.0,0.0,0.0,0.3,5.52
13.8,191.3,6.19,49.8,541,180.2,180.0,180.0,500.0,500.0,0.0,0.0,0.0,0.3,5.53
13.7,191.3,6.19,49.8,542,180.2,180.0,180.0,500.0,500.0,0.0,0.0,0.0,0.3,5.54
13.5,191.4,6.19,49.8,543,180.2,180.0,180.0,500.0,500.0,0.0,0.0,0.0,0.3,5.55
13.4,191.4,6.19,49.6,544,180.2,180.0,180.0,500.0,500.0,0.0,0.0,0.0,0.3,5.57
13.4,191.4,6.19,49.8,545,180.2,180.0,180.0,500.0,500.0,0.0,0.0,0.0,0.3,5.58
13.5,191.5,6.19,49.8,546,180.2,180.0,180.0,500.0,500.0,0.0,0.0,0.0,0.3,5.59
13.7,191.5,6.19,49.8,547,180.2,180.0,180.0,500.0,500.0,0.0,0.0,0.0,0.3,5.60
13.8,191.6,6.19,49.8,548,180.2,180.0,180.0,500.0,500.0,0.0,0.0,0.0,0.3,5.61
13.7,191.6,6.19,50.0,549,180.3,180.0,180.0,500.0,500.0,0.0,0.0,0.0,0.3,5.62
13.5,191.6,6.19,49.8,550,180.3,180.0,180.0,500.0,500.0,0.0,0.0,0.0,0.3,5.63
13.4,191.5,6.19,49.8,551,180.3,180.0,180.0,500.0,500.0,0.0,0.0,0.0,0.3,5.64
13.3,191.5,6.19,49.8,552,180.3,180.0,180.0,500.0,500.0,0.0,0.0,0.0,0.3,5.66
13.2,191.5,6.19,49.8,553,180.3,180.0,180.0,500.0,500.0,0.0,0.0,0.0,0.3,5.67
13.3,191.5,6.19,49.8,554,180.3,180.0,180.1,500.0,500.0,0.0,0.0,0.0,0.3,5.68
13.6,191.5,6.19,49.8,555,180.2,180.0,180.1,500.0,500.0,0.0,0.0,0.0,0.3,5.69
13.6,191.5,6.19,49.8,556,180.2,180.0,180.1,500.0,500.0,0.0,0.0,0.0,0.3,5.70
13.7,191.5,6.19,49.8,557,180.2,180.0,180.1,500.0,500.0,0.0,0.0,0.0,0.3,5.71
13.8,191.5,6.19,49.8,558,180.2,180.0,180.1,500.0,500.0,0.0,0.0,0.0,0.3,5.72
13.7,191.6,6.19,49.8,559,180.2,180.0,180.1,500.0,500.0,0.0,0.0,0.0,0.3,5.73
13.6,191.6,6.19,49.8,560,180.2,180.0,180.1,500.0,500.0,0.0,0.0,0.0,0.3,5.75
13.6,191.6,6.19,49.8,561,180.2,180.0,180.1,500.0,500.0,0.0,0.0,0.0,0.3,5.76
13.7,191.6,6.19,49.8,562,180.2,180.0,180.1,500.0,500.0,0.0,0.0,0.0,0.3,5.77
13.7,191.6,6.19,49.8,563,180.2,180.0,180.1,500.0,500.0,0.0,0.0,0.0,0.3,5.78
13.8,191.6,6.19,49.6,564,180.2,180.0,180.1,500.0,500.0,0.0,0.0,0.0,0.3,5.79
13.7,191.6,6.19,49.8,565,180.2,180.0,180.1,500.0,500.0,0.0,0.0,0.0,0.3,5.80
13.7,191.6,6.19,49.8,566,180.2,180.0,180.1,500.0,500.0,0.0,0.0,0.0,0.3,5.81
13.6,191.6,6.19,49.8,567,180.2,180.0,180.1,500.0,500.0,0.0,0.0,0.0,0.3,5.83
13.5,191.6,6.19,49.8,568,180.2,180.0,180.1,500.0,500.0,0.0,0.0,0.0,0.3,5.84
13.5,191.6,6.19,49.8,569,180.2,180.0,180.1,500.0,500.0,0.0,0.0,0.0,0.3,5.85
13.7,191.6,6.19,49.8,570,180.2,180.0,180.1,500.0,500.0,0.0,0.0,0.0,0.3,5.86
13.7,191.6,6.19,49.8,571,180.2,180.0,180.1,500.0,500.0,0.0,0.0,0.0,0.3,5.87
13.7,191.6,6.19,49.8,572,180.2,180.0,180.1,500.0,500.0,0.0,0.0,0.0,0.3,5.88
13.8,191.6,6.19,49.8,573,180.2,180.0,180.1,500.0,500.0,0.0,0.0,0.0,0.3,5.89
13.7,191.6,6.19,50.0,574,180.2,180.0,180.1,500.0,500.0,0.0,0.0,0.0,0.3,5.90
13.6,191.6,6.19,49.8,575,180.2,180.0,180.1,500.0,500.0,0.0,0.0,0.0,0.3,5.92
13.5,191.6,6.19,49.8,576,180.2,180.0,180.1,500.0,500.0,0.0,0.0,0.0,0.3,5.93
13.3,191.6,6.19,49.8,577,180.2,180.0,180.1,500.0,500.0,0.0,0.0,0.0,0.3,5.94
