扭矩,料温,压力,转速,时间,温度1,温度2,温度3,温度4,温度5,温度6,温度7,温度8,顶栓,能量
1.6,173.1,6.19,1.4,0,180.0,180.0,180.0,500.0,500.0,0.0,0.0,0.0,0.3,0.00
1.6,173.1,6.19,8.2,1,180.0,180.0,180.0,500.0,500.0,0.0,0.0,0.0,0.3,0.00
1.5,173.2,6.19,18.2,2,180.0,180.0,180.0,500.0,500.0,0.0,0.0,0.0,0.3,0.00
1.5,173.3,6.19,28.2,3,180.0,180.0,179.9,500.0,500.0,0.0,0.0,0.0,0.3,0.00
1.5,173.4,6.19,38.2,4,180.0,180.0,179.9,500.0,500.0,0.0,0.0,0.0,0.3,0.00
1.5,173.4,6.19,46.8,5,180.0,180.0,179.9,500.0,500.0,0.0,0.0,0.0,0.3,0.00
1.5,173.5,6.19,49.8,6,180.0,180.0,179.9,500.0,500.0,0.0,0.0,0.0,0.3,0.00
1.5,173.6,6.19,49.8,7,180.0,180.0,179.9,500.0,500.0,0.0,0.0,0.0,0.3,0.01
1.5,173.6,6.19,49.8,8,180.0,180.0,179.9,500.0,500.0,0.0,0.0,0.0,0.3,0.01
1.5,173.7,6.19,49.8,9,180.0,180.0,179.8,500.0,500.0,0.0,0.0,0.0,0.3,0.01
1.5,173.8,6.19,49.8,10,180.0,180.0,179.8,500.0,500.0,0.0,0.0,0.0,0.3,0.01
1.5,173.8,6.19,50.0,11,180.0,180.0,179.8,500.0,500.0,0.0,0.0,0.0,0.3,0.01
1.5,173.9,6.19,50.0,12,180.0,180.0,179.8,500.0,500.0,0.0,0.0,0.0,0.3,0.01
1.5,174.0,6.19,49.8,13,180.0,179.9,179.8,500.0,500.0,0.0,0.0,0.0,0.3,0.01
1.4,174.0,6.19,49.8,14,180.0,179.9,179.7,500.0,500.0,0.0,0.0,0.0,0.3,0.01
1.4,173.7,6.19,49.8,15,180.0,179.9,179.7,500.0,500.0,0.0,0.0,0.0,0.3,0.02
1.4,173.2,6.19,49.8,16,180.0,179.9,179.7,500.0,500.0,0.0,0.0,0.0,0.3,0.02
1.4,172.5,6.19,49.8,17,180.0,179.7,179.7,500.0,500.0,0.0,0.0,0.0,0.3,0.02
1.4,171.8,6.19,50.0,18,180.0,179.6,179.7,500.0,500.0,0.0,0.0,0.0,0.3,0.02
1.4,171.3,6.19,49.8,19,180.0,179.6,179.7,500.0,500.0,0.0,0.0,0.0,0.3,0.02
1.4,170.8,6.19,49.8,20,180.0,179.5,179.6,500.0,500.0,0.0,0.0,0.0,0.3,0.02
1.4,170.4,6.19,49.8,21,180.0,179.4,179.6,500.0,500.0,0.0,0.0,0.0,0.3,0.02
1.3,170.0,6.19,49.8,22,180.0,179.4,179.6,500.0,500.0,0.0,0.0,0.0,0.3,0.02
1.3,169.6,6.19,49.8,23,180.0,179.4,179.6,500.0,500.0,0.0,0.0,0.0,0.3,0.02
1.3,169.4,6.19,50.0,24,180.0,179.3,179.6,500.0,500.0,0.0,0.0,0.0,0.3,0.03
1.3,169.2,6.19,49.8,25,180.0,179.3,179.6,500.0,500.0,0.0,0.0,0.0,0.3,0.03
1.2,169.0,6.19,49.8,26,180.0,179.3,179.6,500.0,500.0,0.0,0.0,0.0,0.3,0.03
1.2,168.8,6.19,49.8,27,180.0,179.3,179.6,500.0,500.0,0.0,0.0,0.0,0.3,0.03
1.2,168.6,6.19,49.8,28,180.0,179.3,179.5,500.0,500.0,0.0,0.0,0.0,0.3,0.03
1.1,168.4,6.19,49.8,29,180.0,179.3,179.5,500.0,500.0,0.0,0.0,0.0,0.3,0.03
1.1,168.2,6.19,50.0,30,180.0,179.3,179.5,500.0,500.0,0.0,0.0,0.0,0.3,0.03
1.0,168.1,6.19,50.0,31,180.0,179.3,179.5,500.0,500.0,0.0,0.0,0.0,0.3,0.03
1.0,168.0,6.19,49.8,32,180.0,179.4,179.5,500.0,500.0,0.0,0.0,0.0,0.3,0.03
1.0,167.9,6.19,49.8,33,180.0,179.5,179.4,500.0,500.0,0.0,0.0,0.0,0.3,0.03
1.0,167.8,6.19,49.8,34,180.0,179.6,179.4,500.0,500.0,0.0,0.0,0.0,0.3,0.04
0.9,167.7,6.19,49.8,35,180.0,179.6,179.4,500.0,500.0,0.0,0.0,0.0,0.3,0.04
0.9,167.7,6.19,49.8,36,180.0,179.6,179.4,500.0,500.0,0.0,0.0,0.0,0.3,0.04
0.9,167.7,6.19,50.0,37,180.0,179.7,179.4,500.0,500.0,0.0,0.0,0.0,0.3,0.04
1.0,167.6,6.19,49.8,38,180.0,179.9,179.4,500.0,500.0,0.0,0.0,0.0,0.3,0.04
1.1,167.3,6.19,49.8,39,180.0,180.0,179.4,500.0,500.0,0.0,0.0,0.0,0.3,0.04
1.2,167.0,6.19,49.8,40,180.0,180.0,179.4,500.0,500.0,0.0,0.0,0.0,0.3,0.04
1.3,166.6,6.19,49.8,41,180.0,180.0,179.4,500.0,500.0,0.0,0.0,0.0,0.3,0.04
1.3,166.3,6.19,49.8,42,180.0,180.0,179.3,500.0,500.0,0.0,0.0,0.0,0.3,0.04
1.3,166.2,6.19,50.0,43,180.0,180.0,179.3,500.0,500.0,0.0,0.0,0.0,0.3,0.04
1.4,166.0,6.19,50.0,44,180.0,180.0,179.3,500.0,500.0,0.0,0.0,0.0,0.3,0.04
1.4,165.8,6.19,49.8,45,180.0,180.0,179.3,500.0,500.0,0.0,0.0,0.0,0.3,0.05
1.4,165.7,6.19,49.8,46,180.0,180.0,179.3,500.0,500.0,0.0,0.0,0.0,0.3,0.05
1.4,165.6,6.19,49.8,47,180.0,180.0,179.3,500.0,500.0,0.0,0.0,0.0,0.3,0.05
1.4,165.5,6.19,49.8,48,180.0,180.0,179.3,500.0,500.0,0.0,0.0,0.0,0.3,0.05
1.4,165.4,6.19,49.8,49,180.0,180.0,179.3,500.0,500.0,0.0,0.0,0.0,0.3,0.05
1.4,165.3,6.19,50.0,50,180.0,180.0,179.3,500.0,500.0,0.0,0.0,0.0,0.3,0.05
1.4,165.3,6.19,50.0,51,180.0,180.0,179.3,500.0,500.0,0.0,0.0,0.0,0.3,0.05
1.4,165.3,6.19,50.0,52,180.0,180.0,179.3,500.0,500.0,0.0,0.0,0.0,0.3,0.05
1.4,165.3,6.19,50.0,53,180.0,180.0,179.3,500.0,500.0,0.0,0.0,0.0,0.3,0.05
1.4,165.3,6.19,50.0,54,180.0,180.0,179.3,500.0,500.0,0.0,0.0,0.0,0.3,0.06
1.4,165.2,6.19,50.0,55,180.0,180.0,179.3,500.0,500.0,0.0,0.0,0.0,0.3,0.06
1.4,165.2,6.19,50.0,56,180.0,180.0,179.4,500.0,500.0,0.0,0.0,0.0,0.3,0.06
1.4,165.2,6.19,49.8,57,180.0,180.0,179.5,500.0,500.0,0.0,0.0,0.0,0.3,0.06
1.4,165.2,6.19,49.8,58,180.0,180.0,179.5,500.0,500.0,0.0,0.0,0.0,0.3,0.06
1.4,165.2,6.19,49.8,59,180.0,180.0,179.5,500.0,500.0,0.0,0.0,0.0,0.3,0.06
1.4,165.3,6.19,49.8,60,180.0,180.0,179.5,500.0,500.0,0.0,0.0,0.0,0.3,0.06
1.4,165.3,6.19,49.8,61,180.0,180.0,179.5,500.0,500.0,0.0,0.0,0.0,0.3,0.06
1.3,165.3,6.19,50.0,62,180.0,180.0,179.5,500.0,500.0,0.0,0.0,0.0,0.3,0.07
1.3,165.3,6.19,50.0,63,180.0,180.0,179.5,500.0,500.0,0.0,0.0,0.0,0.3,0.07
1.3,165.3,6.19,49.8,64,180.0,180.0,179.5,500.0,500.0,0.0,0.0,0.0,0.3,0.07
1.3,165.3,6.19,49.8,65,180.0,180.0,179.5,500.0,500.0,0.0,0.0,0.0,0.3,0.07
1.3,165.3,6.19,49.8,66,180.0,180.0,179.5,500.0,500.0,0.0,0.0,0.0,0.3,0.07
1.4,165.4,6.19,49.6,67,180.0,180.0,179.6,500.0,500.0,0.0,0.0,0.0,0.3,0.07
1.4,165.4,6.19,49.6,68,180.0,180.0,179.6,500.0,500.0,0.0,0.0,0.0,0.3,0.07
1.4,165.4,6.19,49.6,69,180.0,179.9,179.6,500.0,500.0,0.0,0.0,0.0,0.3,0.07
1.4,165.5,6.19,49.6,70,180.0,179.9,179.6,500.0,500.0,0.0,0.0,0.0,0.3,0.07
1.4,165.5,6.19,49.6,71,180.0,179.9,179.6,500.0,500.0,0.0,0.0,0.0,0.3,0.08
1.4,165.6,6.19,49.8,72,180.0,179.8,179.6,500.0,500.0,0.0,0.0,0.0,0.3,0.08
1.4,165.7,6.19,49.8,73,180.0,179.7,179.6,500.0,500.0,0.0,0.0,0.0,0.3,0.08
1.4,165.7,6.19,50.0,74,180.0,179.7,179.7,500.0,500.0,0.0,0.0,0.0,0.3,0.08
1.4,165.7,6.19,50.0,75,180.0,179.7,179.7,500.0,500.0,0.0,0.0,0.0,0.3,0.08
1.4,165.7,6.19,49.8,76,180.0,179.6,179.7,500.0,500.0,0.0,0.0,0.0,0.3,0.08
1.4,165.7,6.19,49.8,77,180.0,179.6,179.7,500.0,500.0,0.0,0.0,0.0,0.3,0.08
1.3,165.7,6.19,49.8,78,180.0,179.6,179.7,500.0,500.0,0.0,0.0,0.0,0.3,0.08
1.3,165.7,6.19,49.6,79,180.0,179.6,179.7,500.0,500.0,0.0,0.0,0.0,0.3,0.08
1.3,165.7,6.19,49.6,80,180.0,179.7,179.8,500.0,500.0,0.0,0.0,0.0,0.3,0.09
1.3,165.8,6.19,49.8,81,180.0,179.8,179.8,500.0,500.0,0.0,0.0,0.0,0.3,0.09
1.3,165.8,6.19,49.8,82,180.0,179.8,179.8,500.0,500.0,0.0,0.0,0.0,0.3,0.09
1.3,165.9,6.19,49.8,83,180.0,179.8,179.8,500.0,500.0,0.0,0.0,0.0,0.3,0.09
1.3,165.9,6.19,50.0,84,180.0,179.8,179.8,500.0,500.0,0.0,0.0,0.0,0.3,0.09
1.3,165.9,6.19,50.0,85,180.0,179.9,179.9,500.0,500.0,0.0,0.0,0.0,0.3,0.09
1.3,165.9,6.19,50.0,86,180.0,180.0,179.9,500.0,500.0,0.0,0.0,0.0,0.3,0.09
1.3,166.0,6.19,50.0,87,180.0,180.0,179.9,500.0,500.0,0.0,0.0,0.0,0.3,0.09
1.2,166.0,6.19,49.8,88,180.0,180.0,179.9,500.0,500.0,0.0,0.0,0.0,0.3,0.09
1.7,165.9,6.19,49.6,89,180.0,180.0,179.9,500.0,500.0,0.0,0.0,0.0,0.3,0.10
3.9,165.9,6.19,49.6,90,180.0,180.0,179.9,500.0,500.0,0.0,0.0,0.0,0.3,0.10
5.7,165.4,6.19,49.6,91,180.0,180.0,179.9,500.0,500.0,0.0,0.0,0.0,0.3,0.10
9.6,164.5,6.19,49.4,92,180.0,180.0,179.9,500.0,500.0,0.0,0.0,0.0,0.3,0.11
14.0,162.8,6.19,49.6,93,180.0,180.0,179.9,500.0,500.0,0.0,0.0,0.0,0.3,0.12
19.8,160.7,6.19,49.8,94,180.0,180.0,180.0,500.0,500.0,0.0,0.0,0.0,0.3,0.14
23.7,158.4,6.19,49.8,95,180.0,180.0,180.0,500.0,500.0,0.0,0.0,0.0,0.3,0.16
27.8,156.4,6.19,49.6,96,180.0,180.0,180.0,500.0,500.0,0.0,0.0,0.0,0.3,0.18
29.0,155.2,6.19,49.8,97,180.0,180.0,180.0,500.0,500.0,0.0,0.0,0.0,0.3,0.21
29.5,154.5,6.19,49.8,98,180.0,180.0,180.0,500.0,500.0,0.0,0.0,0.0,0.3,0.23
28.3,154.4,6.19,49.8,99,180.0,180.0,180.0,500.0,500.0,0.0,0.0,0.0,0.3,0.25
27.5,154.5,6.19,49.8,100,180.0,180.0,180.0,500.0,500.0,0.0,0.0,0.0,0.3,0.28
24.9,154.8,6.19,49.8,101,180.0,180.0,180.0,500.0,500.0,0.0,0.0,0.0,0.3,0.30
24.0,155.3,6.19,49.8,102,180.0,180.0,180.0,500.0,500.0,0.0,0.0,0.0,0.3,0.32
22.6,155.9,6.19,49.8,103,180.0,180.0,180.0,500.0,500.0,0.0,0.0,0.0,0.3,0.34
21.0,156.3,6.19,49.8,104,180.0,180.0,180.0,500.0,500.0,0.0,0.0,0.0,0.3,0.35
19.3,156.7,6.19,49.8,105,180.0,180.0,180.0,500.0,500.0,0.0,0.0,0.0,0.3,0.37
19.3,157.3,6.19,50.0,106,180.0,180.0,180.0,500.0,500.0,0.0,0.0,0.0,0.3,0.39
18.2,157.8,6.19,49.8,107,180.0,180.0,180.0,500.0,500.0,0.0,0.0,0.0,0.3,0.40
17.7,158.4,6.19,49.8,108,180.0,180.0,180.0,500.0,500.0,0.0,0.0,0.0,0.3,0.42
17.2,158.9,6.19,49.8,109,180.0,180.0,180.0,500.0,500.0,0.0,0.0,0.0,0.3,0.43
16.7,159.5,6.19,49.8,110,180.0,180.0,180.0,500.0,500.0,0.0,0.0,0.0,0.3,0.44
16.3,160.0,6.19,49.6,111,180.0,180.0,180.0,500.0,500.0,0.0,0.0,0.0,0.3,0.46
16.2,160.5,6.18,49.8,112,180.0,180.0,180.0,500.0,500.0,0.0,0.0,0.0,0.3,0.47
15.7,160.9,6.18,49.8,113,180.0,180.0,180.0,500.0,500.0,0.0,0.0,0.0,0.3,0.48
15.6,161.3,6.18,49.8,114,180.0,180.0,180.0,500.0,500.0,0.0,0.0,0.0,0.3,0.50
15.1,161.7,6.18,49.8,115,180.0,180.0,180.0,500.0,500.0,0.0,0.0,0.0,0.3,0.51
14.7,162.1,6.18,50.0,116,180.0,180.0,180.0,500.0,500.0,0.0,0.0,0.0,0.3,0.52
14.3,162.5,6.19,50.0,117,180.0,180.0,180.0,500.0,500.0,0.0,0.0,0.0,0.3,0.53
14.1,162.8,6.19,50.0,118,180.0,180.0,180.0,500.0,500.0,0.0,0.0,0.0,0.3,0.55
13.6,163.2,6.18,50.0,119,180.0,180.0,180.0,500.0,500.0,0.0,0.0,0.0,0.3,0.56
13.3,163.5,6.18,50.0,120,180.0,180.0,180.0,500.0,500.0,0.0,0.0,0.0,0.3,0.57
13.1,163.8,6.18,50.0,121,180.0,180.0,180.0,500.0,500.0,0.0,0.0,0.0,0.3,0.58
13.0,164.0,6.18,49.8,122,180.0,180.0,180.0,500.0,500.0,0.0,0.0,0.0,0.3,0.59
12.9,164.3,6.18,49.8,123,180.0,180.0,180.0,500.0,500.0,0.0,0.0,0.0,0.3,0.60
12.8,164.6,6.19,49.8,124,180.0,180.0,180.0,500.0,500.0,0.0,0.0,0.0,0.3,0.61
12.7,165.0,6.19,49.8,125,180.0,180.0,179.9,500.0,500.0,0.0,0.0,0.0,0.3,0.62
12.5,165.4,6.19,49.8,126,180.0,180.0,179.9,500.0,500.0,0.0,0.0,0.0,0.3,0.63
12.4,165.7,6.19,50.0,127,180.0,180.0,179.9,500.0,500.0,0.0,0.0,0.0,0.3,0.64
12.4,166.1,6.19,50.0,128,180.0,180.0,179.9,500.0,500.0,0.0,0.0,0.0,0.3,0.65
12.3,166.5,6.19,50.0,129,180.0,180.0,179.9,500.0,500.0,0.0,0.0,0.0,0.3,0.66
12.3,166.9,6.19,50.0,130,180.0,180.0,179.9,500.0,500.0,0.0,0.0,0.0,0.3,0.67
12.4,167.2,6.19,50.0,131,180.0,180.0,179.9,500.0,500.0,0.0,0.0,0.0,0.3,0.68
12.2,167.5,6.19,50.0,132,180.0,180.0,179.9,500.0,500.0,0.0,0.0,0.0,0.3,0.69
12.2,167.9,6.19,49.8,133,180.0,180.0,179.9,500.0,500.0,0.0,0.0,0.0,0.3,0.70
12.3,168.2,6.19,49.8,134,180.0,180.0,179.9,500.0,500.0,0.0,0.0,0.0,0.3,0.71
12.3,168.5,6.19,49.8,135,180.0,180.0,179.9,500.0,500.0,0.0,0.0,0.0,0.3,0.72
12.2,168.8,6.19,49.8,136,180.0,180.0,179.9,500.0,500.0,0.0,0.0,0.0,0.3,0.73
12.3,169.1,6.19,49.8,137,180.0,180.0,179.9,500.0,500.0,0.0,0.0,0.0,0.3,0.74
12.3,169.4,6.19,49.8,138,180.0,180.0,179.9,500.0,500.0,0.0,0.0,0.0,0.3,0.75
12.3,169.7,6.19,49.8,139,180.0,180.0,179.9,500.0,500.0,0.0,0.0,0.0,0.3,0.76
12.5,169.9,6.19,49.8,140,180.0,180.0,179.9,500.0,500.0,0.0,0.0,0.0,0.3,0.77
12.5,170.2,6.19,49.8,141,180.0,180.0,179.9,500.0,500.0,0.0,0.0,0.0,0.3,0.79
12.4,170.4,6.19,49.8,142,180.0,180.0,179.9,500.0,500.0,0.0,0.0,0.0,0.3,0.80
12.2,170.7,6.19,50.0,143,180.0,180.0,179.9,500.0,500.0,0.0,0.0,0.0,0.3,0.81
12.2,170.9,6.19,49.8,144,180.0,180.0,179.9,500.0,500.0,0.0,0.0,0.0,0.3,0.82
12.2,171.2,6.19,49.8,145,180.0,180.0,179.9,500.0,500.0,0.0,0.0,0.0,0.3,0.83
12.2,171.4,6.19,49.8,146,180.0,180.0,179.9,500.0,500.0,0.0,0.0,0.0,0.3,0.84
12.4,171.6,6.19,49.8,147,180.0,180.0,179.9,500.0,500.0,0.0,0.0,0.0,0.3,0.85
12.6,171.8,6.19,49.6,148,180.0,180.0,179.9,500.0,500.0,0.0,0.0,0.0,0.3,0.86
12.8,171.9,6.19,49.8,149,180.0,180.0,179.9,500.0,500.0,0.0,0.0,0.0,0.3,0.87
12.8,172.1,6.19,49.8,150,180.0,180.0,179.9,500.0,500.0,0.0,0.0,0.0,0.3,0.88
12.7,172.2,6.19,49.8,151,180.0,180.0,179.9,500.0,500.0,0.0,0.0,0.0,0.3,0.89
12.7,172.4,6.19,49.8,152,180.0,180.0,179.9,500.0,500.0,0.0,0.0,0.0,0.3,0.90
12.7,172.6,6.19,50.0,153,180.0,180.0,179.9,500.0,500.0,0.0,0.0,0.0,0.3,0.91
12.6,172.8,6.19,49.8,154,180.0,180.1,179.9,500.0,500.0,0.0,0.0,0.0,0.3,0.92
12.6,173.0,6.19,49.8,155,180.0,180.1,180.0,500.0,500.0,0.0,0.0,0.0,0.3,0.93
12.7,173.2,6.19,49.8,156,180.0,180.1,180.0,500.0,500.0,0.0,0.0,0.0,0.3,0.94
12.6,173.4,6.19,49.8,157,180.0,180.1,180.0,500.0,500.0,0.0,0.0,0.0,0.3,0.95
12.7,173.5,6.19,49.8,158,180.0,180.1,180.0,500.0,500.0,0.0,0.0,0.0,0.3,0.96
12.7,173.7,6.19,49.8,159,180.1,180.1,180.0,500.0,500.0,0.0,0.0,0.0,0.3,0.97
12.6,173.9,6.19,49.8,160,180.1,180.1,180.0,500.0,500.0,0.0,0.0,0.0,0.3,0.98
12.6,174.1,6.19,49.8,161,180.1,180.1,180.0,500.0,500.0,0.0,0.0,0.0,0.3,0.99
12.7,174.2,6.19,49.8,162,180.1,180.1,180.0,500.0,500.0,0.0,0.0,0.0,0.3,1.00
12.6,174.4,6.19,49.8,163,180.1,180.0,180.0,500.0,500.0,0.0,0.0,0.0,0.3,1.01
12.6,174.5,6.19,50.0,164,180.1,180.0,180.0,500.0,500.0,0.0,0.0,0.0,0.3,1.03
12.6,174.6,6.19,49.8,165,180.1,180.0,180.0,500.0,500.0,0.0,0.0,0.0,0.3,1.04
12.6,174.8,6.19,49.8,166,180.1,180.0,180.0,500.0,500.0,0.0,0.0,0.0,0.3,1.05
12.6,175.0,6.19,49.8,167,180.1,180.0,180.0,500.0,500.0,0.0,0.0,0.0,0.3,1.06
12.5,175.1,6.19,49.8,168,180.2,180.0,180.0,500.0,500.0,0.0,0.0,0.0,0.3,1.07
12.4,175.3,6.19,49.6,169,180.2,180.0,180.0,500.0,500.0,0.0,0.0,0.0,0.3,1.08
12.5,175.4,6.19,49.8,170,180.2,180.0,180.0,500.0,500.0,0.0,0.0,0.0,0.3,1.09
12.6,175.6,6.19,49.8,171,180.2,180.0,180.0,500.0,500.0,0.0,0.0,0.0,0.3,1.10
12.6,175.8,6.19,49.8,172,180.2,180.0,180.0,500.0,500.0,0.0,0.0,0.0,0.3,1.11
12.8,176.0,6.19,49.8,173,180.3,180.0,180.0,500.0,500.0,0.0,0.0,0.0,0.3,1.12
13.0,176.1,6.19,50.0,174,180.4,180.0,180.0,500.0,500.0,0.0,0.0,0.0,0.3,1.13
13.0,176.2,6.19,50.0,175,180.4,180.0,180.0,500.0,500.0,0.0,0.0,0.0,0.3,1.14
13.1,176.3,6.19,49.8,176,180.4,180.0,180.0,500.0,500.0,0.0,0.0,0.0,0.3,1.15
13.1,176.4,6.19,49.8,177,180.4,180.0,180.0,500.0,500.0,0.0,0.0,0.0,0.3,1.16
13.1,176.5,6.19,49.8,178,180.4,180.0,180.0,500.0,500.0,0.0,0.0,0.0,0.3,1.17
13.1,176.6,6.19,49.6,179,180.3,180.0,180.0,500.0,500.0,0.0,0.0,0.0,0.3,1.18
13.2,176.8,6.19,49.6,180,180.3,180.0,180.0,500.0,500.0,0.0,0.0,0.0,0.3,1.19
13.1,176.9,6.19,49.8,181,180.3,180.0,180.0,500.0,500.0,0.0,0.0,0.0,0.3,1.21
13.1,177.0,6.19,49.8,182,180.3,180.0,180.0,500.0,500.0,0.0,0.0,0.0,0.3,1.22
13.1,177.1,6.19,49.8,183,180.3,180.0,180.0,500.0,500.0,0.0,0.0,0.0,0.3,1.23
13.1,177.2,6.19,50.0,184,180.3,180.0,180.0,500.0,500.0,0.0,0.0,0.0,0.3,1.24
13.0,177.3,6.19,49.8,185,180.4,180.0,180.0,500.0,500.0,0.0,0.0,0.0,0.3,1.25
13.0,177.4,6.19,49.8,186,180.4,180.0,180.0,500.0,500.0,0.0,0.0,0.0,0.3,1.26
13.0,177.5,6.19,49.8,187,180.4,180.0,180.0,500.0,500.0,0.0,0.0,0.0,0.3,1.27
12.8,177.6,6.19,49.8,188,180.4,180.0,180.0,500.0,500.0,0.0,0.0,0.0,0.3,1.28
12.8,177.7,6.19,49.8,189,180.4,180.0,180.0,500.0,500.0,0.0,0.0,0.0,0.3,1.29
12.7,177.9,6.19,50.0,190,180.4,180.0,180.0,500.0,500.0,0.0,0.0,0.0,0.3,1.30
12.6,178.0,6.19,49.8,191,180.4,180.0,180.0,500.0,500.0,0.0,0.0,0.0,0.3,1.31
12.6,178.1,6.19,49.8,192,180.4,180.0,180.0,500.0,500.0,0.0,0.0,0.0,0.3,1.32
12.7,178.2,6.19,49.8,193,180.4,180.0,180.0,500.0,500.0,0.0,0.0,0.0,0.3,1.33
12.7,178.3,6.19,49.8,194,180.4,180.0,180.0,500.0,500.0,0.0,0.0,0.0,0.3,1.34
12.8,178.4,6.19,49.8,195,180.4,180.0,180.0,500.0,500.0,0.0,0.0,0.0,0.3,1.36
12.8,178.5,6.19,49.8,196,180.4,180.0,180.0,500.0,500.0,0.0,0.0,0.0,0.3,1.37
12.9,178.6,6.19,49.8,197,180.4,180.0,180.0,500.0,500.0,0.0,0.0,0.0,0.3,1.38
12.9,178.7,6.19,49.8,198,180.4,180.0,180.0,500.0,500.0,0.0,0.0,0.0,0.3,1.39
12.8,178.8,6.19,49.8,199,180.4,180.0,180.0,500.0,500.0,0.0,0.0,0.0,0.3,1.40
12.8,178.9,6.19,49.8,200,180.4,180.0,180.0,500.0,500.0,0.0,0.0,0.0,0.3,1.41
12.9,179.0,6.19,50.0,201,180.4,180.0,180.0,500.0,500.0,0.0,0.0,0.0,0.3,1.42
12.8,179.1,6.19,49.8,202,180.4,180.0,180.0,500.0,500.0,0.0,0.0,0.0,0.3,1.43
12.7,179.2,6.19,49.8,203,180.4,180.0,180.0,500.0,500.0,0.0,0.0,0.0,0.3,1.44
12.8,179.3,6.19,49.8,204,180.4,180.0,180.0,500.0,500.0,0.0,0.0,0.0,0.3,1.45
12.7,179.4,6.19,49.6,205,180.4,180.0,180.0,500.0,500.0,0.0,0.0,0.0,0.3,1.46
12.8,179.5,6.19,49.6,206,180.4,180.0,180.0,500.0,500.0,0.0,0.0,0.0,0.3,1.47
12.9,179.6,6.19,49.8,207,180.4,180.0,180.0,500.0,500.0,0.0,0.0,0.0,0.3,1.48
12.9,179.7,6.19,49.8,208,180.4,180.0,180.0,500.0,500.0,0.0,0.0,0.0,0.3,1.49
12.9,179.8,6.19,49.8,209,180.4,180.0,180.0,500.0,500.0,0.0,0.0,0.0,0.3,1.50
12.9,179.8,6.19,50.0,210,180.4,180.0,180.0,500.0,500.0,0.0,0.0,0.0,0.3,1.52
12.8,179.9,6.19,49.8,211,180.4,180.0,180.0,500.0,500.0,0.0,0.0,0.0,0.3,1.53
12.7,180.0,6.19,49.8,212,180.4,180.0,180.0,500.0,500.0,0.0,0.0,0.0,0.3,1.54
12.6,180.1,6.19,49.8,213,180.4,180.0,180.0,500.0,500.0,0.0,0.0,0.0,0.3,1.55
12.5,180.2,6.19,49.8,214,180.4,180.0,180.0,500.0,500.0,0.0,0.0,0.0,0.3,1.56
12.5,180.3,6.19,49.8,215,180.4,180.0,180.0,500.0,500.0,0.0,0.0,0.0,0.3,1.57
12.6,180.3,6.19,49.8,216,180.4,180.0,180.0,500.0,500.0,0.0,0.0,0.0,0.3,1.58
12.6,180.4,6.19,49.8,217,180.4,180.0,180.0,500.0,500.0,0.0,0.0,0.0,0.3,1.59
12.6,180.4,6.19,49.8,218,180.4,180.0,180.0,500.0,500.0,0.0,0.0,0.0,0.3,1.60
12.7,180.5,6.19,49.8,219,180.4,180.0,180.0,500.0,500.0,0.0,0.0,0.0,0.3,1.61
12.7,180.6,6.19,49.8,220,180.4,180.0,180.0,500.0,500.0,0.0,0.0,0.0,0.3,1.62
12.6,180.7,6.19,50.0,221,180.4,180.0,180.0,500.0,500.0,0.0,0.0,0.0,0.3,1.63
12.6,180.8,6.19,49.8,222,180.4,180.0,180.0,500.0,500.0,0.0,0.0,0.0,0.3,1.64
12.7,180.9,6.19,49.8,223,180.4,180.0,180.0,500.0,500.0,0.0,0.0,0.0,0.3,1.65
12.7,181.0,6.19,49.8,224,180.4,180.0,180.0,500.0,500.0,0.0,0.0,0.0,0.3,1.66
12.7,181.1,6.19,49.8,225,180.5,180.0,180.0,500.0,500.0,0.0,0.0,0.0,0.3,1.67
12.8,181.2,6.19,49.8,226,180.5,180.0,180.0,500.0,500.0,0.0,0.0,0.0,0.3,1.68
12.8,181.3,6.19,50.0,227,180.5,180.0,180.0,500.0,500.0,0.0,0.0,0.0,0.3,1.69
12.8,181.3,6.19,49.8,228,180.5,180.0,180.0,500.0,500.0,0.0,0.0,0.0,0.3,1.70
12.7,181.4,6.19,49.8,229,180.5,180.0,180.0,500.0,500.0,0.0,0.0,0.0,0.3,1.72
12.8,181.5,6.19,49.8,230,180.5,180.0,180.0,500.0,500.0,0.0,0.0,0.0,0.3,1.73
12.7,181.6,6.19,49.8,231,180.5,180.0,180.0,500.0,500.0,0.0,0.0,0.0,0.3,1.74
12.8,181.6,6.19,49.8,232,180.5,180.0,180.0,500.0,500.0,0.0,0.0,0.0,0.3,1.75
12.8,181.7,6.19,49.8,233,180.5,180.0,180.0,500.0,500.0,0.0,0.0,0.0,0.3,1.76
12.8,181.8,6.19,49.8,234,180.5,180.0,180.0,500.0,500.0,0.0,0.0,0.0,0.3,1.77
12.6,181.8,6.19,49.8,235,180.5,180.0,180.0,500.0,500.0,0.0,0.0,0.0,0.3,1.78
12.6,181.9,6.19,49.8,236,180.5,180.0,180.0,500.0,500.0,0.0,0.0,0.0,0.3,1.79
12.6,182.0,6.19,49.6,237,180.5,180.0,180.0,500.0,500.0,0.0,0.0,0.0,0.3,1.80
12.4,182.1,6.19,49.8,238,180.5,180.0,180.0,500.0,500.0,0.0,0.0,0.0,0.3,1.81
12.5,182.2,6.19,49.8,239,180.5,180.0,180.0,500.0,500.0,0.0,0.0,0.0,0.3,1.82
12.6,182.3,6.19,49.8,240,180.5,180.0,180.0,500.0,500.0,0.0,0.0,0.0,0.3,1.83
12.6,182.3,6.19,49.8,241,180.5,180.0,180.0,500.0,500.0,0.0,0.0,0.0,0.3,1.84
12.6,182.4,6.19,50.0,242,180.5,180.0,180.0,500.0,500.0,0.0,0.0,0.0,0.3,1.85
12.7,182.5,6.19,49.8,243,180.5,180.0,180.0,500.0,500.0,0.0,0.0,0.0,0.3,1.86
12.6,182.5,6.19,49.8,244,180.5,180.0,180.0,500.0,500.0,0.0,0.0,0.0,0.3,1.87
12.5,182.6,6.19,49.8,245,180.5,180.0,180.0,500.0,500.0,0.0,0.0,0.0,0.3,1.88
12.4,182.7,6.19,49.8,246,180.5,180.0,180.0,500.0,500.0,0.0,0.0,0.0,0.3,1.89
12.3,182.7,6.19,49.8,247,180.5,180.0,180.0,500.0,500.0,0.0,0.0,0.0,0.3,1.90
12.4,182.8,6.19,49.8,248,180.5,180.0,180.0,500.0,500.0,0.0,0.0,0.0,0.3,1.91
12.4,182.8,6.19,49.8,249,180.5,180.0,180.0,500.0,500.0,0.0,0.0,0.0,0.3,1.92
12.4,182.9,6.19,49.8,250,180.5,180.0,180.0,500.0,500.0,0.0,0.0,0.0,0.3,1.93
12.6,183.0,6.19,49.8,251,180.5,180.0,180.0,500.0,500.0,0.0,0.0,0.0,0.3,1.94
12.6,183.0,6.19,49.8,252,180.5,180.0,180.0,500.0,500.0,0.0,0.0,0.0,0.3,1.96
12.6,183.1,6.19,50.0,253,180.5,180.0,180.0,500.0,500.0,0.0,0.0,0.0,0.3,1.97
12.6,183.2,6.19,49.8,254,180.5,180.0,180.0,500.0,500.0,0.0,0.0,0.0,0.3,1.98
12.7,183.2,6.19,49.8,255,180.5,180.0,180.0,500.0,500.0,0.0,0.0,0.0,0.3,1.99
12.7,183.2,6.19,49.8,256,180.5,180.0,180.0,500.0,500.0,0.0,0.0,0.0,0.3,2.00
12.6,183.3,6.19,49.8,257,180.5,180.0,180.0,500.0,500.0,0.0,0.0,0.0,0.3,2.01
12.5,183.4,6.19,49.8,258,180.5,180.0,180.0,500.0,500.0,0.0,0.0,0.0,0.3,2.02
12.5,183.5,6.19,49.8,259,180.5,180.0,180.0,500.0,500.0,0.0,0.0,0.0,0.3,2.03
12.5,183.5,6.19,49.8,260,180.5,180.0,180.0,500.0,500.0,0.0,0.0,0.0,0.3,2.04
12.5,183.6,6.19,49.8,261,180.5,180.0,180.0,500.0,500.0,0.0,0.0,0.0,0.3,2.05
12.5,183.7,6.19,49.8,262,180.5,180.0,180.0,500.0,500.0,0.0,0.0,0.0,0.3,2.06
12.6,183.8,6.19,49.8,263,180.5,180.0,180.0,500.0,500.0,0.0,0.0,0.0,0.3,2.07
12.7,183.8,6.19,50.0,264,180.5,180.0,180.0,500.0,500.0,0.0,0.0,0.0,0.3,2.08
12.6,183.8,6.19,50.0,265,180.5,180.0,180.0,500.0,500.0,0.0,0.0,0.0,0.3,2.09
12.5,183.9,6.19,50.0,266,180.5,180.0,180.0,500.0,500.0,0.0,0.0,0.0,0.3,2.10
12.5,184.0,6.19,50.0,267,180.5,180.0,180.0,500.0,500.0,0.0,0.0,0.0,0.3,2.11
12.4,184.0,6.19,50.0,268,180.5,180.0,180.0,500.0,500.0,0.0,0.0,0.0,0.3,2.12
12.3,184.0,6.19,49.8,269,180.5,180.0,180.0,500.0,500.0,0.0,0.0,0.0,0.3,2.13
12.4,184.1,6.19,49.6,270,180.5,180.0,180.0,500.0,500.0,0.0,0.0,0.0,0.3,2.14
12.3,184.2,6.19,49.6,271,180.5,180.0,180.0,500.0,500.0,0.0,0.0,0.0,0.3,2.15
12.4,184.2,6.19,49.6,272,180.5,180.0,180.0,500.0,500.0,0.0,0.0,0.0,0.3,2.16
12.5,184.3,6.19,49.6,273,180.5,180.0,180.0,500.0,500.0,0.0,0.0,0.0,0.3,2.17
12.6,184.4,6.19,49.6,274,180.5,180.0,180.0,500.0,500.0,0.0,0.0,0.0,0.3,2.18
12.6,184.4,6.19,49.8,275,180.5,180.0,180.0,500.0,500.0,0.0,0.0,0.0,0.3,2.19
12.7,184.5,6.19,49.8,276,180.5,180.0,180.0,500.0,500.0,0.0,0.0,0.0,0.3,2.21
12.6,184.5,6.19,49.8,277,180.5,180.0,180.0,500.0,500.0,0.0,0.0,0.0,0.3,2.22
12.5,184.6,6.19,49.8,278,180.5,180.0,180.0,500.0,500.0,0.0,0.0,0.0,0.3,2.23
12.4,184.6,6.19,50.0,279,180.5,180.0,180.0,500.0,500.0,0.0,0.0,0.0,0.3,2.24
12.3,184.7,6.19,49.8,280,180.5,180.0,180.0,500.0,500.0,0.0,0.0,0.0,0.3,2.25
12.2,184.7,6.19,49.8,281,180.5,180.0,180.0,500.0,500.0,0.0,0.0,0.0,0.3,2.26
12.3,184.8,6.19,49.8,282,180.5,180.0,180.0,500.0,500.0,0.0,0.0,0.0,0.3,2.27
12.4,184.8,6.19,49.8,283,180.5,180.0,180.0,500.0,500.0,0.0,0.0,0.0,0.3,2.28
12.5,184.9,6.19,49.8,284,180.5,180.0,180.0,500.0,500.0,0.0,0.0,0.0,0.3,2.29
12.7,185.0,6.19,49.8,285,180.5,180.0,180.0,500.0,500.0,0.0,0.0,0.0,0.3,2.30
12.7,185.0,6.19,49.8,286,180.5,180.0,180.0,500.0,500.0,0.0,0.0,0.0,0.3,2.31
12.6,185.1,6.19,49.8,287,180.5,180.0,180.0,500.0,500.0,0.0,0.0,0.0,0.3,2.32
12.4,185.1,6.19,49.8,288,180.5,180.0,180.0,500.0,500.0,0.0,0.0,0.0,0.3,2.33
12.3,185.2,6.19,49.8,289,180.5,180.0,180.0,500.0,500.0,0.0,0.0,0.0,0.3,2.34
12.1,185.2,6.19,50.0,290,180.5,180.0,180.0,500.0,500.0,0.0,0.0,0.0,0.3,2.35
12.1,185.3,6.19,49.8,291,180.5,180.0,180.0,500.0,500.0,0.0,0.0,0.0,0.3,2.36
12.2,185.3,6.19,49.8,292,180.5,180.0,180.1,500.0,500.0,0.0,0.0,0.0,0.3,2.37
12.4,185.4,6.19,49.8,293,180.5,180.0,180.1,500.0,500.0,0.0,0.0,0.0,0.3,2.38
12.4,185.4,6.19,49.6,294,180.5,180.0,180.1,500.0,500.0,0.0,0.0,0.0,0.3,2.39
12.4,185.5,6.19,49.6,295,180.5,180.0,180.1,500.0,500.0,0.0,0.0,0.0,0.3,2.40
12.6,185.6,6.19,49.8,296,180.5,180.0,180.1,500.0,500.0,0.0,0.0,0.0,0.3,2.41
12.6,185.6,6.19,49.8,297,180.5,180.0,180.1,500.0,500.0,0.0,0.0,0.0,0.3,2.42
12.5,185.6,6.19,49.8,298,180.5,180.0,180.1,500.0,500.0,0.0,0.0,0.0,0.3,2.43
12.5,185.7,6.19,50.0,299,180.5,180.0,180.1,500.0,500.0,0.0,0.0,0.0,0.3,2.44
12.6,185.7,6.19,50.0,300,180.5,180.0,180.2,500.0,500.0,0.0,0.0,0.0,0.3,2.45
12.5,185.7,6.19,49.8,301,180.5,180.0,180.2,500.0,500.0,0.0,0.0,0.0,0.3,2.46
12.5,185.8,6.19,49.8,302,180.5,180.0,180.2,500.0,500.0,0.0,0.0,0.0,0.3,2.47
12.4,185.9,6.19,49.8,303,180.5,180.0,180.2,500.0,500.0,0.0,0.0,0.0,0.3,2.48
12.3,185.9,6.19,49.8,304,180.5,180.0,180.2,500.0,500.0,0.0,0.0,0.0,0.3,2.49
12.3,185.9,6.19,49.6,305,180.5,180.0,180.2,500.0,500.0,0.0,0.0,0.0,0.3,2.50
12.3,186.0,6.19,49.8,306,180.5,180.0,180.2,500.0,500.0,0.0,0.0,0.0,0.3,2.51
12.3,186.0,6.19,49.8,307,180.5,180.0,180.3,500.0,500.0,0.0,0.0,0.0,0.3,2.52
12.5,186.1,6.19,49.8,308,180.5,180.0,180.3,500.0,500.0,0.0,0.0,0.0,0.3,2.54
12.5,186.1,6.19,49.8,309,180.5,180.0,180.3,500.0,500.0,0.0,0.0,0.0,0.3,2.55
12.3,186.2,6.19,50.0,310,180.5,180.0,180.3,500.0,500.0,0.0,0.0,0.0,0.3,2.56
12.2,186.2,6.19,49.8,311,180.5,180.0,180.3,500.0,500.0,0.0,0.0,0.0,0.3,2.57
12.2,186.2,6.19,49.8,312,180.5,180.0,180.3,500.0,500.0,0.0,0.0,0.0,0.3,2.58
12.1,186.3,6.19,49.8,313,180.5,180.0,180.3,500.0,500.0,0.0,0.0,0.0,0.3,2.59
12.0,186.3,6.19,49.8,314,180.5,180.0,180.3,500.0,500.0,0.0,0.0,0.0,0.3,2.60
12.1,186.4,6.19,49.8,315,180.6,180.0,180.3,500.0,500.0,0.0,0.0,0.0,0.3,2.61
12.2,186.5,6.19,49.8,316,180.7,180.0,180.4,500.0,500.0,0.0,0.0,0.0,0.3,2.62
12.1,186.6,6.19,49.8,317,180.7,180.0,180.5,500.0,500.0,0.0,0.0,0.0,0.3,2.63
12.3,186.6,6.19,49.8,318,180.7,180.0,180.5,500.0,500.0,0.0,0.0,0.0,0.3,2.64
12.3,186.6,6.19,49.8,319,180.7,180.0,180.5,500.0,500.0,0.0,0.0,0.0,0.3,2.65
12.3,186.7,6.19,49.8,320,180.7,180.0,180.5,500.0,500.0,0.0,0.0,0.0,0.3,2.66
12.3,186.7,6.19,50.0,321,180.7,180.0,180.5,500.0,500.0,0.0,0.0,0.0,0.3,2.67
12.2,186.7,6.19,49.8,322,180.7,180.0,180.5,500.0,500.0,0.0,0.0,0.0,0.3,2.68
12.1,186.8,6.19,49.8,323,180.7,180.0,180.5,500.0,500.0,0.0,0.0,0.0,0.3,2.69
12.2,186.8,6.19,49.8,324,180.7,180.0,180.5,500.0,500.0,0.0,0.0,0.0,0.3,2.70
12.3,186.8,6.19,49.8,325,180.7,180.0,180.5,500.0,500.0,0.0,0.0,0.0,0.3,2.71
12.2,186.9,6.19,49.6,326,180.7,180.0,180.5,500.0,500.0,0.0,0.0,0.0,0.3,2.72
12.3,186.9,6.19,49.6,327,180.7,180.0,180.5,500.0,500.0,0.0,0.0,0.0,0.3,2.73
12.3,186.9,6.19,49.6,328,180.7,180.0,180.5,500.0,500.0,0.0,0.0,0.0,0.3,2.74
12.3,187.0,6.19,49.6,329,180.7,180.0,180.5,500.0,500.0,0.0,0.0,0.0,0.3,2.75
12.2,187.1,6.19,49.6,330,180.7,180.0,180.5,500.0,500.0,0.0,0.0,0.0,0.3,2.76
12.2,187.1,6.19,49.6,331,180.7,180.0,180.5,500.0,500.0,0.0,0.0,0.0,0.3,2.77
12.1,187.1,6.19,49.8,332,180.7,180.0,180.5,500.0,500.0,0.0,0.0,0.0,0.3,2.78
12.2,187.1,6.19,49.8,333,180.7,180.0,180.5,500.0,500.0,0.0,0.0,0.0,0.3,2.79
12.3,187.2,6.19,49.8,334,180.7,180.0,180.5,500.0,500.0,0.0,0.0,0.0,0.3,2.80
12.3,187.2,6.19,49.8,335,180.7,180.0,180.5,500.0,500.0,0.0,0.0,0.0,0.3,2.81
12.2,187.2,6.19,50.0,336,180.7,180.0,180.5,500.0,500.0,0.0,0.0,0.0,0.3,2.82
12.3,187.2,6.19,49.8,337,180.7,180.0,180.5,500.0,500.0,0.0,0.0,0.0,0.3,2.83
12.3,187.2,6.19,49.8,338,180.7,180.0,180.5,500.0,500.0,0.0,0.0,0.0,0.3,2.84
12.3,187.3,6.19,49.8,339,180.7,180.0,180.5,500.0,500.0,0.0,0.0,0.0,0.3,2.85
12.2,187.4,6.19,49.8,340,180.7,180.0,180.5,500.0,500.0,0.0,0.0,0.0,0.3,2.86
12.2,187.4,6.19,49.8,341,180.7,180.0,180.5,500.0,500.0,0.0,0.0,0.0,0.3,2.87
12.2,187.4,6.19,49.8,342,180.7,180.0,180.5,500.0,500.0,0.0,0.0,0.0,0.3,2.88
12.1,187.4,6.19,49.8,343,180.7,180.0,180.5,500.0,500.0,0.0,0.0,0.0,0.3,2.89
12.0,187.5,6.19,49.8,344,180.7,180.0,180.5,500.0,500.0,0.0,0.0,0.0,0.3,2.90
12.1,187.5,6.19,49.8,345,180.7,180.0,180.5,500.0,500.0,0.0,0.0,0.0,0.3,2.91
12.2,187.5,6.19,49.8,346,180.8,180.0,180.5,500.0,500.0,0.0,0.0,0.0,0.3,2.92
12.2,187.6,6.19,50.0,347,180.8,180.0,180.4,500.0,500.0,0.0,0.0,0.0,0.3,2.93
12.2,187.6,6.19,49.8,348,180.8,180.0,180.4,500.0,500.0,0.0,0.0,0.0,0.3,2.94
12.2,187.6,6.19,49.8,349,180.8,180.0,180.4,500.0,500.0,0.0,0.0,0.0,0.3,2.95
12.1,187.7,6.19,49.8,350,180.8,180.0,180.4,500.0,500.0,0.0,0.0,0.0,0.3,2.96
12.2,187.7,6.19,49.8,351,180.8,180.0,180.4,500.0,500.0,0.0,0.0,0.0,0.3,2.97
12.1,187.7,6.19,49.8,352,180.8,180.0,180.4,500.0,500.0,0.0,0.0,0.0,0.3,2.98
12.1,187.8,6.19,49.8,353,180.8,180.0,180.4,500.0,500.0,0.0,0.0,0.0,0.3,2.99
12.1,187.8,6.19,49.8,354,180.8,180.0,180.4,500.0,500.0,0.0,0.0,0.0,0.3,3.00
12.1,187.8,6.19,49.8,355,180.8,180.0,180.4,500.0,500.0,0.0,0.0,0.0,0.3,3.01
12.1,187.8,6.19,49.8,356,180.8,180.0,180.4,500.0,500.0,0.0,0.0,0.0,0.3,3.02
12.0,187.8,6.19,49.6,357,180.8,180.0,180.4,500.0,500.0,0.0,0.0,0.0,0.3,3.03
11.9,187.8,6.19,49.8,358,180.8,180.0,180.4,500.0,500.0,0.0,0.0,0.0,0.3,3.04
12.0,187.9,6.19,49.8,359,180.8,180.0,180.3,500.0,500.0,0.0,0.0,0.0,0.3,3.05
11.9,187.9,6.19,49.8,360,180.8,180.0,180.3,500.0,500.0,0.0,0.0,0.0,0.3,3.06
12.0,188.0,6.19,49.8,361,180.8,180.0,180.3,500.0,500.0,0.0,0.0,0.0,0.3,3.07
12.0,188.0,6.19,50.0,362,180.8,180.0,180.3,500.0,500.0,0.0,0.0,0.0,0.3,3.08
12.3,188.0,6.19,50.0,363,180.8,180.0,180.3,500.0,500.0,0.0,0.0,0.0,0.3,3.09
12.3,188.0,6.19,50.0,364,180.8,180.0,180.3,500.0,500.0,0.0,0.0,0.0,0.3,3.10
12.4,188.0,6.19,50.0,365,180.8,180.0,180.3,500.0,500.0,0.0,0.0,0.0,0.3,3.11
12.3,188.1,6.19,50.0,366,180.8,180.0,180.3,500.0,500.0,0.0,0.0,0.0,0.3,3.12
12.3,188.1,6.19,50.0,367,180.8,180.0,180.2,500.0,500.0,0.0,0.0,0.0,0.3,3.13
12.1,188.1,6.19,49.8,368,180.8,180.0,180.2,500.0,500.0,0.0,0.0,0.0,0.3,3.14
11.9,188.2,6.19,49.8,369,180.8,180.0,180.2,500.0,500.0,0.0,0.0,0.0,0.3,3.15
11.9,188.2,6.19,49.8,370,180.8,180.0,180.2,500.0,500.0,0.0,0.0,0.0,0.3,3.16
11.9,188.2,6.19,49.8,371,180.8,180.0,180.2,500.0,500.0,0.0,0.0,0.0,0.3,3.17
11.9,188.2,6.19,49.8,372,180.8,180.0,180.2,500.0,500.0,0.0,0.0,0.0,0.3,3.18
11.9,188.2,6.19,50.0,373,180.8,180.0,180.2,500.0,500.0,0.0,0.0,0.0,0.3,3.19
11.9,188.3,6.19,49.8,374,180.8,180.0,180.2,500.0,500.0,0.0,0.0,0.0,0.3,3.20
11.9,188.3,6.19,49.8,375,180.8,180.0,180.2,500.0,500.0,0.0,0.0,0.0,0.3,3.21
11.9,188.3,6.19,49.8,376,180.8,180.0,180.2,500.0,500.0,0.0,0.0,0.0,0.3,3.22
12.0,188.3,6.19,49.8,377,180.8,180.0,180.2,500.0,500.0,0.0,0.0,0.0,0.3,3.23
12.1,188.3,6.19,49.6,378,180.8,180.0,180.2,500.0,500.0,0.0,0.0,0.0,0.3,3.24
12.2,188.3,6.19,49.6,379,180.8,180.0,180.2,500.0,500.0,0.0,0.0,0.0,0.3,3.25
12.2,188.3,6.19,49.6,380,180.8,180.0,180.2,500.0,500.0,0.0,0.0,0.0,0.3,3.26
12.2,188.4,6.19,49.6,381,180.8,180.0,180.1,500.0,500.0,0.0,0.0,0.0,0.3,3.27
12.2,188.4,6.19,49.6,382,180.7,180.0,180.1,500.0,500.0,0.0,0.0,0.0,0.3,3.28
12.0,188.4,6.19,49.8,383,180.7,180.0,180.1,500.0,500.0,0.0,0.0,0.0,0.3,3.29
11.9,188.5,6.19,49.8,384,180.7,180.0,180.1,500.0,500.0,0.0,0.0,0.0,0.3,3.30
12.0,188.5,6.19,49.8,385,180.7,180.0,180.1,500.0,500.0,0.0,0.0,0.0,0.3,3.31
12.1,188.5,6.19,49.8,386,180.7,180.0,180.1,500.0,500.0,0.0,0.0,0.0,0.3,3.32
12.1,188.5,6.19,49.8,387,180.7,180.0,180.1,500.0,500.0,0.0,0.0,0.0,0.3,3.33
12.1,188.5,6.19,49.6,388,180.7,180.0,180.1,500.0,500.0,0.0,0.0,0.0,0.3,3.34
12.1,188.5,6.19,49.8,389,180.7,180.0,180.1,500.0,500.0,0.0,0.0,0.0,0.3,3.35
11.9,188.6,6.19,49.8,390,180.7,180.0,180.1,500.0,500.0,0.0,0.0,0.0,0.3,3.36
11.8,188.6,6.18,49.8,391,180.7,180.0,180.1,500.0,500.0,0.0,0.0,0.0,0.3,3.37
11.8,188.6,6.18,49.8,392,180.7,180.0,180.1,500.0,500.0,0.0,0.0,0.0,0.3,3.38
11.9,188.7,6.18,50.0,393,180.7,180.0,180.1,500.0,500.0,0.0,0.0,0.0,0.3,3.39
12.0,188.7,6.18,49.8,394,180.7,180.0,180.1,500.0,500.0,0.0,0.0,0.0,0.3,3.40
12.1,188.7,6.18,49.8,395,180.7,180.0,180.1,500.0,500.0,0.0,0.0,0.0,0.3,3.41
12.1,188.7,6.19,49.8,396,180.7,180.0,180.1,500.0,500.0,0.0,0.0,0.0,0.3,3.42
12.1,188.7,6.19,49.8,397,180.7,180.0,180.1,500.0,500.0,0.0,0.0,0.0,0.3,3.43
12.0,188.7,6.19,49.8,398,180.7,180.0,180.1,500.0,500.0,0.0,0.0,0.0,0.3,3.44
12.0,188.7,6.19,49.8,399,180.7,180.0,180.1,500.0,500.0,0.0,0.0,0.0,0.3,3.45
11.9,188.8,6.19,49.8,400,180.7,180.0,180.1,500.0,500.0,0.0,0.0,0.0,0.3,3.46
11.8,188.8,6.19,49.8,401,180.7,180.0,180.1,500.0,500.0,0.0,0.0,0.0,0.3,3.47
11.8,188.8,6.19,49.8,402,180.7,180.0,180.1,500.0,500.0,0.0,0.0,0.0,0.3,3.48
11.9,188.8,6.19,49.8,403,180.7,180.0,180.1,500.0,500.0,0.0,0.0,0.0,0.3,3.49
11.9,188.8,6.18,49.8,404,180.7,180.0,180.1,500.0,500.0,0.0,0.0,0.0,0.3,3.50
11.9,188.8,6.18,49.8,405,180.7,180.0,180.1,500.0,500.0,0.0,0.0,0.0,0.3,3.51
11.9,188.8,6.18,49.8,406,180.7,180.0,180.2,500.0,500.0,0.0,0.0,0.0,0.3,3.52
11.8,188.9,6.18,49.8,407,180.7,180.0,180.2,500.0,500.0,0.0,0.0,0.0,0.3,3.53
11.9,188.9,6.18,49.6,408,180.7,180.0,180.2,500.0,500.0,0.0,0.0,0.0,0.3,3.54
11.9,188.9,6.19,49.8,409,180.7,180.0,180.2,500.0,500.0,0.0,0.0,0.0,0.3,3.55
11.9,188.9,6.19,49.8,410,180.7,180.0,180.2,500.0,500.0,0.0,0.0,0.0,0.3,3.56
11.9,188.9,6.19,49.8,411,180.7,180.0,180.2,500.0,500.0,0.0,0.0,0.0,0.3,3.57
11.9,189.0,6.19,49.8,412,180.7,180.0,180.2,500.0,500.0,0.0,0.0,0.0,0.3,3.58
11.8,189.0,6.19,50.0,413,180.7,180.0,180.2,500.0,500.0,0.0,0.0,0.0,0.3,3.59
11.7,189.1,6.19,49.8,414,180.7,180.0,180.2,500.0,500.0,0.0,0.0,0.0,0.3,3.60
11.7,189.1,6.19,49.8,415,180.7,180.0,180.2,500.0,500.0,0.0,0.0,0.0,0.3,3.61
11.6,189.1,6.19,49.8,416,180.8,180.0,180.3,500.0,500.0,0.0,0.0,0.0,0.3,3.62
11.7,189.2,6.19,49.8,417,180.8,180.0,180.4,500.0,500.0,0.0,0.0,0.0,0.3,3.63
11.8,189.2,6.19,49.8,418,180.8,180.0,180.4,500.0,500.0,0.0,0.0,0.0,0.3,3.64
11.9,189.2,6.19,49.8,419,180.8,180.0,180.4,500.0,500.0,0.0,0.0,0.0,0.3,3.65
12.0,189.3,6.19,49.8,420,180.8,180.0,180.4,500.0,500.0,0.0,0.0,0.0,0.3,3.66
11.9,189.3,6.19,49.8,421,180.8,180.0,180.4,500.0,500.0,0.0,0.0,0.0,0.3,3.67
11.8,189.3,6.19,49.8,422,180.8,180.0,180.4,500.0,500.0,0.0,0.0,0.0,0.3,3.68
11.7,189.3,6.19,49.8,423,180.7,180.0,180.4,500.0,500.0,0.0,0.0,0.0,0.3,3.69
11.7,189.3,6.19,50.0,424,180.7,180.0,180.4,500.0,500.0,0.0,0.0,0.0,0.3,3.70
11.6,189.3,6.19,50.0,425,180.7,180.0,180.4,500.0,500.0,0.0,0.0,0.0,0.3,3.71
11.7,189.3,6.19,50.0,426,180.7,180.0,180.4,500.0,500.0,0.0,0.0,0.0,0.3,3.72
11.9,189.3,6.19,50.0,427,180.7,180.0,180.4,500.0,500.0,0.0,0.0,0.0,0.3,3.73
12.0,189.3,6.19,50.0,428,180.7,180.0,180.4,500.0,500.0,0.0,0.0,0.0,0.3,3.74
12.0,189.3,6.19,50.0,429,180.7,180.0,180.4,500.0,500.0,0.0,0.0,0.0,0.3,3.75
12.0,189.4,6.19,49.8,430,180.7,180.0,180.4,500.0,500.0,0.0,0.0,0.0,0.3,3.76
12.0,189.4,6.19,49.8,431,180.7,180.0,180.4,500.0,500.0,0.0,0.0,0.0,0.3,3.77
11.9,189.4,6.19,49.8,432,180.7,180.0,180.4,500.0,500.0,0.0,0.0,0.0,0.3,3.78
11.9,189.4,6.19,49.8,433,180.7,180.0,180.4,500.0,500.0,0.0,0.0,0.0,0.3,3.79
11.9,189.4,6.19,49.8,434,180.7,180.0,180.4,500.0,500.0,0.0,0.0,0.0,0.3,3.80
11.9,189.4,6.19,49.8,435,180.7,180.0,180.4,500.0,500.0,0.0,0.0,0.0,0.3,3.81
12.0,189.4,6.19,49.8,436,180.7,180.0,180.4,500.0,500.0,0.0,0.0,0.0,0.3,3.82
12.0,189.4,6.19,49.8,437,180.7,180.0,180.4,500.0,500.0,0.0,0.0,0.0,0.3,3.82
11.8,189.4,6.19,49.8,438,180.7,180.0,180.4,500.0,500.0,0.0,0.0,0.0,0.3,3.83
11.7,189.4,6.19,49.8,439,180.7,180.0,180.4,500.0,500.0,0.0,0.0,0.0,0.3,3.84
11.7,189.5,6.19,50.0,440,180.7,180.0,180.4,500.0,500.0,0.0,0.0,0.0,0.3,3.85
11.7,189.5,6.19,49.8,441,180.7,180.0,180.4,500.0,500.0,0.0,0.0,0.0,0.3,3.86
11.7,189.5,6.19,49.8,442,180.7,180.0,180.4,500.0,500.0,0.0,0.0,0.0,0.3,3.87
11.7,189.5,6.19,49.8,443,180.7,180.0,180.4,500.0,500.0,0.0,0.0,0.0,0.3,3.88
11.7,189.5,6.19,49.8,444,180.7,180.0,180.4,500.0,500.0,0.0,0.0,0.0,0.3,3.89
11.7,189.5,6.19,49.6,445,180.7,180.0,180.4,500.0,500.0,0.0,0.0,0.0,0.3,3.90
11.8,189.5,6.19,49.8,446,180.7,180.0,180.4,500.0,500.0,0.0,0.0,0.0,0.3,3.91
11.8,189.5,6.19,49.8,447,180.6,180.0,180.4,500.0,500.0,0.0,0.0,0.0,0.3,3.92
11.8,189.5,6.19,49.8,448,180.6,180.0,180.4,500.0,500.0,0.0,0.0,0.0,0.3,3.93
11.7,189.5,6.19,49.8,449,180.6,180.0,180.4,500.0,500.0,0.0,0.0,0.0,0.3,3.94
11.8,189.6,6.19,49.8,450,180.6,180.0,180.4,500.0,500.0,0.0,0.0,0.0,0.3,3.95
11.8,189.6,6.19,49.8,451,180.6,180.0,180.4,500.0,500.0,0.0,0.0,0.0,0.3,3.96
11.8,189.6,6.19,49.8,452,180.6,180.0,180.4,500.0,500.0,0.0,0.0,0.0,0.3,3.97
11.9,189.6,6.19,49.8,453,180.6,180.0,180.4,500.0,500.0,0.0,0.0,0.0,0.3,3.98
11.9,189.6,6.19,49.8,454,180.6,180.0,180.4,500.0,500.0,0.0,0.0,0.0,0.3,3.99
11.9,189.6,6.19,49.8,455,180.6,180.0,180.4,500.0,500.0,0.0,0.0,0.0,0.3,4.00
11.8,189.6,6.19,49.8,456,180.6,180.0,180.4,500.0,500.0,0.0,0.0,0.0,0.3,4.01
11.7,189.6,6.19,49.8,457,180.6,180.0,180.4,500.0,500.0,0.0,0.0,0.0,0.3,4.02
11.6,189.7,6.19,49.8,458,180.6,180.0,180.4,500.0,500.0,0.0,0.0,0.0,0.3,4.03
11.6,189.8,6.19,49.8,459,180.6,180.0,180.4,500.0,500.0,0.0,0.0,0.0,0.3,4.04
11.6,189.8,6.19,50.0,460,180.6,180.0,180.4,500.0,500.0,0.0,0.0,0.0,0.3,4.05
11.7,189.8,6.19,49.8,461,180.6,180.0,180.4,500.0,500.0,0.0,0.0,0.0,0.3,4.06
11.8,189.8,6.19,49.8,462,180.6,180.0,180.4,500.0,500.0,0.0,0.0,0.0,0.3,4.07
11.9,189.8,6.19,49.8,463,180.6,180.0,180.4,500.0,500.0,0.0,0.0,0.0,0.3,4.08
11.9,189.8,6.19,49.8,464,180.6,180.0,180.4,500.0,500.0,0.0,0.0,0.0,0.3,4.09
11.7,189.8,6.19,49.6,465,180.6,180.0,180.4,500.0,500.0,0.0,0.0,0.0,0.3,4.10
11.7,189.8,6.19,49.8,466,180.6,180.0,180.4,500.0,500.0,0.0,0.0,0.0,0.3,4.11
11.7,189.8,6.19,49.8,467,180.6,180.0,180.3,500.0,500.0,0.0,0.0,0.0,0.3,4.12
11.7,189.8,6.19,49.8,468,180.6,180.0,180.3,500.0,500.0,0.0,0.0,0.0,0.3,4.13
11.7,189.8,6.19,49.8,469,180.6,180.0,180.3,500.0,500.0,0.0,0.0,0.0,0.3,4.14
11.8,189.8,6.19,50.0,470,180.6,180.0,180.3,500.0,500.0,0.0,0.0,0.0,0.3,4.15
11.7,189.8,6.19,49.8,471,180.6,180.0,180.3,500.0,500.0,0.0,0.0,0.0,0.3,4.16
11.6,189.9,6.19,49.8,472,180.6,180.0,180.3,500.0,500.0,0.0,0.0,0.0,0.3,4.17
11.6,189.9,6.19,49.8,473,180.6,180.0,180.3,500.0,500.0,0.0,0.0,0.0,0.3,4.18
11.6,189.9,6.19,49.8,474,180.6,180.0,180.3,500.0,500.0,0.0,0.0,0.0,0.3,4.19
11.5,189.9,6.19,49.6,475,180.6,180.0,180.3,500.0,500.0,0.0,0.0,0.0,0.3,4.20
11.6,189.9,6.19,49.8,476,180.6,180.0,180.3,500.0,500.0,0.0,0.0,0.0,0.3,4.20
11.7,189.9,6.19,49.8,477,180.6,180.0,180.2,500.0,500.0,0.0,0.0,0.0,0.3,4.21
11.7,189.9,6.19,49.8,478,180.6,180.0,180.2,500.0,500.0,0.0,0.0,0.0,0.3,4.22
11.8,189.9,6.19,49.8,479,180.6,180.0,180.2,500.0,500.0,0.0,0.0,0.0,0.3,4.23
11.7,189.9,6.19,50.0,480,180.6,180.0,180.2,500.0,500.0,0.0,0.0,0.0,0.3,4.24
11.6,189.9,6.19,49.8,481,180.6,180.0,180.2,500.0,500.0,0.0,0.0,0.0,0.3,4.25
11.7,189.9,6.19,49.8,482,180.5,180.0,180.2,500.0,500.0,0.0,0.0,0.0,0.3,4.26
11.7,190.0,6.19,49.8,483,180.5,180.0,180.2,500.0,500.0,0.0,0.0,0.0,0.3,4.27
11.8,190.0,6.19,49.8,484,180.5,180.0,180.2,500.0,500.0,0.0,0.0,0.0,0.3,4.28
11.8,190.0,6.19,49.8,485,180.5,180.0,180.2,500.0,500.0,0.0,0.0,0.0,0.3,4.29
11.8,190.0,6.19,49.8,486,180.5,180.0,180.2,500.0,500.0,0.0,0.0,0.0,0.3,4.30
11.8,190.0,6.19,49.8,487,180.5,180.0,180.2,500.0,500.0,0.0,0.0,0.0,0.3,4.31
11.7,190.0,6.19,49.8,488,180.5,180.0,180.1,500.0,500.0,0.0,0.0,0.0,0.3,4.32
11.6,190.0,6.19,49.8,489,180.5,180.0,180.1,500.0,500.0,0.0,0.0,0.0,0.3,4.33
11.7,190.0,6.19,49.8,490,180.5,180.0,180.1,500.0,500.0,0.0,0.0,0.0,0.3,4.34
11.5,190.0,6.19,50.0,491,180.5,180.0,180.1,500.0,500.0,0.0,0.0,0.0,0.3,4.35
11.5,190.0,6.19,49.8,492,180.5,180.0,180.1,500.0,500.0,0.0,0.0,0.0,0.3,4.36
11.5,190.0,6.19,49.8,493,180.5,180.0,180.1,500.0,500.0,0.0,0.0,0.0,0.3,4.37
11.6,190.0,6.19,49.8,494,180.5,180.0,180.1,500.0,500.0,0.0,0.0,0.0,0.3,4.38
11.7,190.0,6.19,49.8,495,180.5,180.0,180.1,500.0,500.0,0.0,0.0,0.0,0.3,4.39
11.8,190.1,6.19,49.6,496,180.5,180.0,180.1,500.0,500.0,0.0,0.0,0.0,0.3,4.40
11.8,190.1,6.19,49.8,497,180.5,180.0,180.1,500.0,500.0,0.0,0.0,0.0,0.3,4.41
11.8,190.1,6.19,49.8,498,180.4,180.0,180.0,500.0,500.0,0.0,0.0,0.0,0.3,4.42
11.7,190.1,6.19,49.8,499,180.4,180.0,180.0,500.0,500.0,0.0,0.0,0.0,0.3,4.43
11.8,190.1,6.19,49.8,500,180.4,180.0,180.0,500.0,500.0,0.0,0.0,0.0,0.3,4.44
11.7,190.1,6.19,49.8,501,180.4,180.0,180.0,500.0,500.0,0.0,0.0,0.0,0.3,4.45
11.7,190.1,6.19,49.8,502,180.4,180.0,180.0,500.0,500.0,0.0,0.0,0.0,0.3,4.46
11.8,190.1,6.19,49.8,503,180.4,180.0,180.0,500.0,500.0,0.0,0.0,0.0,0.3,4.47
11.7,190.1,6.18,49.8,504,180.4,180.0,180.0,500.0,500.0,0.0,0.0,0.0,0.3,4.48
11.6,190.1,6.18,49.8,505,180.4,180.0,180.0,500.0,500.0,0.0,0.0,0.0,0.3,4.49
11.8,190.1,6.18,49.8,506,180.4,180.0,180.0,500.0,500.0,0.0,0.0,0.0,0.3,4.50
11.8,190.1,6.18,49.8,507,180.4,180.0,180.0,500.0,500.0,0.0,0.0,0.0,0.3,4.51
11.8,190.1,6.18,49.8,508,180.4,180.0,180.0,500.0,500.0,0.0,0.0,0.0,0.3,4.52
11.8,190.1,6.19,49.8,509,180.4,180.0,180.0,500.0,500.0,0.0,0.0,0.0,0.3,4.53
11.8,190.1,6.19,49.8,510,180.4,180.0,180.0,500.0,500.0,0.0,0.0,0.0,0.3,4.54
11.7,190.1,6.19,50.0,511,180.4,180.0,180.0,500.0,500.0,0.0,0.0,0.0,0.3,4.55
11.6,190.1,6.19,49.8,512,180.4,180.0,180.0,500.0,500.0,0.0,0.0,0.0,0.3,4.55
11.5,190.1,6.19,49.8,513,180.4,180.0,180.0,500.0,500.0,0.0,0.0,0.0,0.3,4.56
11.5,190.1,6.19,49.8,514,180.4,180.0,180.0,500.0,500.0,0.0,0.0,0.0,0.3,4.57
11.6,190.1,6.19,49.8,515,180.4,180.0,180.0,500.0,500.0,0.0,0.0,0.0,0.3,4.58
11.7,190.1,6.19,49.8,516,180.4,180.0,180.0,500.0,500.0,0.0,0.0,0.0,0.3,4.59
11.6,190.2,6.19,50.0,517,180.4,180.0,180.0,500.0,500.0,0.0,0.0,0.0,0.3,4.60
11.6,190.2,6.19,50.0,518,180.4,180.0,180.0,500.0,500.0,0.0,0.0,0.0,0.3,4.61
11.5,190.2,6.19,50.0,519,180.4,180.0,180.0,500.0,500.0,0.0,0.0,0.0,0.3,4.62
11.5,190.2,6.19,50.0,520,180.4,180.0,180.0,500.0,500.0,0.0,0.0,0.0,0.3,4.63
11.6,190.1,6.19,50.0,521,180.4,180.0,180.0,500.0,500.0,0.0,0.0,0.0,0.3,4.64
11.5,190.1,6.19,49.8,522,180.4,180.0,180.0,500.0,500.0,0.0,0.0,0.0,0.3,4.65
11.6,190.1,6.19,49.8,523,180.3,180.0,180.0,500.0,500.0,0.0,0.0,0.0,0.3,4.66
11.7,190.1,6.19,49.8,524,180.3,180.0,180.0,500.0,500.0,0.0,0.0,0.0,0.3,4.67
11.8,190.1,6.19,49.8,525,180.3,180.0,180.0,500.0,500.0,0.0,0.0,0.0,0.3,4.68
11.9,190.1,6.19,49.6,526,180.3,180.0,180.0,500.0,500.0,0.0,0.0,0.0,0.3,4.69
11.9,190.1,6.19,49.8,527,180.3,180.0,180.0,500.0,500.0,0.0,0.0,0.0,0.3,4.70
11.8,190.1,6.19,49.8,528,180.3,180.0,180.0,500.0,500.0,0.0,0.0,0.0,0.3,4.71
11.9,190.1,6.19,49.8,529,180.3,180.0,180.0,500.0,500.0,0.0,0.0,0.0,0.3,4.72
11.9,190.1,6.19,49.8,530,180.3,180.0,180.0,500.0,500.0,0.0,0.0,0.0,0.3,4.73
11.9,190.2,6.19,50.0,531,180.3,180.0,180.0,500.0,500.0,0.0,0.0,0.0,0.3,4.74
11.7,190.2,6.19,49.8,532,180.3,180.0,180.0,500.0,500.0,0.0,0.0,0.0,0.3,4.75
11.7,190.2,6.19,49.8,533,180.3,180.0,180.0,500.0,500.0,0.0,0.0,0.0,0.3,4.76
11.7,190.1,6.19,49.8,534,180.3,180.0,180.0,500.0,500.0,0.0,0.0,0.0,0.3,4.77
11.6,190.2,6.19,49.8,535,180.3,180.0,180.0,500.0,500.0,0.0,0.0,0.0,0.3,4.78
11.5,190.2,6.19,49.8,536,180.3,180.0,180.0,500.0,500.0,0.0,0.0,0.0,0.3,4.79
11.5,190.2,6.19,49.8,537,180.3,180.0,180.0,500.0,500.0,0.0,0.0,0.0,0.3,4.80
11.5,190.2,6.19,49.8,538,180.3,180.0,180.0,500.0,500.0,0.0,0.0,0.0,0.3,4.81
11.4,190.2,6.19,49.8,539,180.3,180.0,180.0,500.0,500.0,0.0,0.0,0.0,0.3,4.82
11.5,190.2,6.19,49.8,540,180.3,180.0,180.0,500.0,500.0,0.0,0.0,0.0,0.3,4.83
11.5,190.2,6.19,49.8,541,180.2,180.0,180.0,500.0,500.0,0.0,0.0,0.0,0.3,4.84
11.5,190.2,6.19,50.0,542,180.2,180.0,180.0,500.0,500.0,0.0,0.0,0.0,0.3,4.84
11.5,190.2,6.19,50.0,543,180.2,180.0,180.0,500.0,500.0,0.0,0.0,0.0,0.3,4.85
11.5,190.2,6.19,50.0,544,180.2,180.0,180.0,500.0,500.0,0.0,0.0,0.0,0.3,4.86
11.5,190.2,6.19,50.0,545,180.2,180.0,180.1,500.0,500.0,0.0,0.0,0.0,0.3,4.87
11.5,190.2,6.19,49.8,546,180.2,180.0,180.1,500.0,500.0,0.0,0.0,0.0,0.3,4.88
11.6,190.2,6.19,49.8,547,180.2,180.0,180.1,500.0,500.0,0.0,0.0,0.0,0.3,4.89
11.7,190.2,6.19,49.8,548,180.2,180.0,180.1,500.0,500.0,0.0,0.0,0.0,0.3,4.90
11.7,190.2,6.19,49.8,549,180.2,180.0,180.1,500.0,500.0,0.0,0.0,0.0,0.3,4.91
11.6,190.3,6.19,49.8,550,180.2,180.0,180.1,500.0,500.0,0.0,0.0,0.0,0.3,4.92
11.6,190.3,6.19,49.8,551,180.2,180.0,180.1,500.0,500.0,0.0,0.0,0.0,0.3,4.93
11.6,190.3,6.19,49.8,552,180.2,180.0,180.1,500.0,500.0,0.0,0.0,0.0,0.3,4.94
11.5,190.3,6.19,49.8,553,180.2,180.0,180.1,500.0,500.0,0.0,0.0,0.0,0.3,4.95
11.5,190.3,6.19,49.8,554,180.2,180.0,180.1,500.0,500.0,0.0,0.0,0.0,0.3,4.96
11.5,190.2,6.19,49.8,555,180.2,180.0,180.1,500.0,500.0,0.0,0.0,0.0,0.3,4.97
11.6,190.2,6.19,50.0,556,180.2,180.0,180.1,500.0,500.0,0.0,0.0,0.0,0.3,4.98
11.6,190.2,6.19,49.8,557,180.2,180.0,180.1,500.0,500.0,0.0,0.0,0.0,0.3,4.99
11.7,190.2,6.19,49.8,558,180.2,180.0,180.1,500.0,500.0,0.0,0.0,0.0,0.3,5.00
11.7,190.2,6.19,49.8,559,180.2,180.0,180.1,500.0,500.0,0.0,0.0,0.0,0.3,5.01
11.7,190.2,6.19,49.8,560,180.2,180.0,180.1,500.0,500.0,0.0,0.0,0.0,0.3,5.02
11.7,190.2,6.19,49.8,561,180.2,180.0,180.1,500.0,500.0,0.0,0.0,0.0,0.3,5.03
11.8,190.2,6.19,50.0,562,180.2,180.0,180.1,500.0,500.0,0.0,0.0,0.0,0.3,5.04
11.8,190.3,6.19,50.0,563,180.2,180.0,180.1,500.0,500.0,0.0,0.0,0.0,0.3,5.05
11.8,190.3,6.19,50.0,564,180.2,180.0,180.1,500.0,500.0,0.0,0.0,0.0,0.3,5.06
11.7,190.2,6.19,50.0,565,180.2,180.0,180.1,500.0,500.0,0.0,0.0,0.0,0.3,5.07
11.8,190.2,6.19,50.0,566,180.2,180.0,180.1,500.0,500.0,0.0,0.0,0.0,0.3,5.08
11.7,190.3,6.19,49.8,567,180.2,180.0,180.1,500.0,500.0,0.0,0.0,0.0,0.3,5.09
11.7,190.3,6.19,49.8,568,180.2,180.0,180.1,500.0,500.0,0.0,0.0,0.0,0.3,5.10
11.6,190.3,6.19,49.8,569,180.2,180.0,180.1,500.0,500.0,0.0,0.0,0.0,0.3,5.11
11.6,190.3,6.19,49.8,570,180.3,180.0,180.2,500.0,500.0,0.0,0.0,0.0,0.3,5.12
11.5,190.3,6.19,49.6,571,180.3,180.0,180.2,500.0,500.0,0.0,0.0,0.0,0.3,5.12
11.5,190.3,6.19,49.8,572,180.3,180.0,180.2,500.0,500.0,0.0,0.0,0.0,0.3,5.13
11.6,190.4,6.19,49.8,573,180.3,180.0,180.2,500.0,500.0,0.0,0.0,0.0,0.3,5.14
11.7,190.4,6.19,49.8,574,180.3,180.0,180.2,500.0,500.0,0.0,0.0,0.0,0.3,5.15
11.7,190.4,6.19,49.8,575,180.3,180.0,180.2,500.0,500.0,0.0,0.0,0.0,0.3,5.16
11.7,190.4,6.19,50.0,576,180.3,180.0,180.2,500.0,500.0,0.0,0.0,0.0,0.3,5.17
11.5,190.4,6.19,49.8,577,180.3,180.0,180.2,500.0,500.0,0.0,0.0,0.0,0.3,5.18
11.4,190.4,6.19,49.8,578,180.3,180.0,180.2,500.0,500.0,0.0,0.0,0.0,0.3,5.19
11.3,190.4,6.19,49.8,579,180.3,180.0,180.2,500.0,500.0,0.0,0.0,0.0,0.3,5.20
11.4,190.4,6.19,49.8,580,180.3,180.0,180.2,500.0,500.0,0.0,0.0,0.0,0.3,5.21
11.3,190.4,6.19,49.8,581,180.3,180.0,180.2,500.0,500.0,0.0,0.0,0.0,0.3,5.22
11.5,190.4,6.19,49.8,582,180.3,180.0,180.2,500.0,500.0,0.0,0.0,0.0,0.3,5.23
11.5,190.4,6.19,49.8,583,180.3,180.0,180.2,500.0,500.0,0.0,0.0,0.0,0.3,5.24
11.6,190.4,6.19,49.8,584,180.3,180.0,180.2,500.0,500.0,0.0,0.0,0.0,0.3,5.25
11.6,190.4,6.19,49.8,585,180.3,180.0,180.2,500.0,500.0,0.0,0.0,0.0,0.3,5.26
11.5,190.4,6.19,49.8,586,180.3,180.0,180.2,500.0,500.0,0.0,0.0,0.0,0.3,5.27
11.5,190.4,6.19,50.0,587,180.3,180.0,180.2,500.0,500.0,0.0,0.0,0.0,0.3,5.28
11.7,190.4,6.19,49.8,588,180.3,180.0,180.2,500.0,500.0,0.0,0.0,0.0,0.3,5.29
11.7,190.3,6.19,49.8,589,180.2,180.0,180.2,500.0,500.0,0.0,0.0,0.0,0.3,5.30
11.7,190.3,6.19,49.8,590,180.2,180.0,180.2,500.0,500.0,0.0,0.0,0.0,0.3,5.31
11.8,190.3,6.19,49.6,591,180.2,180.0,180.2,500.0,500.0,0.0,0.0,0.0,0.3,5.32
11.6,190.3,6.19,49.6,592,180.2,180.0,180.1,500.0,500.0,0.0,0.0,0.0,0.3,5.33
11.6,190.3,6.19,49.8,593,180.2,180.0,180.1,500.0,500.0,0.0,0.0,0.0,0.3,5.34
11.6,190.3,6.19,49.8,594,180.2,180.0,180.1,500.0,500.0,0.0,0.0,0.0,0.3,5.35
11.6,190.3,6.19,49.8,595,180.2,180.0,180.1,500.0,500.0,0.0,0.0,0.0,0.3,5.36
11.6,190.3,6.19,50.0,596,180.2,180.0,180.1,500.0,500.0,0.0,0.0,0.0,0.3,5.36
11.8,190.3,6.19,49.8,597,180.2,180.0,180.1,500.0,500.0,0.0,0.0,0.0,0.3,5.37
11.8,190.3,6.19,49.8,598,180.2,180.0,180.1,500.0,500.0,0.0,0.0,0.0,0.3,5.38
11.8,190.3,6.19,49.8,599,180.1,180.0,180.1,500.0,500.0,0.0,0.0,0.0,0.3,5.39
