扭矩,料温,压力,转速,时间,温度1,温度2,温度3,温度4,温度5,温度6,温度7,温度8,顶栓,能量
1.8,189.6,6.20,0.0,0,189.5,190.0,189.1,500.0,500.0,0.0,0.0,0.0,0.2,0.00
1.8,189.6,6.20,3.6,1,189.5,190.0,189.1,500.0,500.0,0.0,0.0,0.0,0.2,0.00
1.8,189.6,6.20,9.4,2,189.5,190.0,189.1,500.0,500.0,0.0,0.0,0.0,0.2,0.00
1.7,189.6,6.20,15.4,3,189.5,190.0,189.1,500.0,500.0,0.0,0.0,0.0,0.3,0.00
1.7,189.6,6.20,21.4,4,189.5,190.0,189.1,500.0,500.0,0.0,0.0,0.0,0.3,0.00
1.6,189.6,6.20,27.4,5,189.5,190.0,189.1,500.0,500.0,0.0,0.0,0.0,0.3,0.00
1.6,189.6,6.20,29.8,6,189.5,190.0,189.1,500.0,500.0,0.0,0.0,0.0,0.3,0.00
1.6,189.6,6.20,30.0,7,189.5,190.0,189.1,500.0,500.0,0.0,0.0,0.0,0.3,0.00
1.6,189.6,6.20,29.8,8,189.5,190.0,189.1,500.0,500.0,0.0,0.0,0.0,0.3,0.00
1.6,189.6,6.20,30.0,9,189.5,190.0,189.1,500.0,500.0,0.0,0.0,0.0,0.3,0.01
1.6,189.6,6.20,29.8,10,189.5,190.0,189.1,500.0,500.0,0.0,0.0,0.0,0.3,0.01
1.6,189.5,6.20,29.8,11,189.5,190.0,189.1,500.0,500.0,0.0,0.0,0.0,0.3,0.01
1.5,189.1,6.20,29.8,12,189.5,190.0,189.1,500.0,500.0,0.0,0.0,0.0,0.3,0.01
1.4,188.5,6.20,30.0,13,189.5,190.0,189.1,500.0,500.0,0.0,0.0,0.0,0.3,0.01
1.4,187.7,6.20,29.8,14,189.5,190.0,189.1,500.0,500.0,0.0,0.0,0.0,0.3,0.01
1.3,186.9,6.20,29.8,15,189.5,190.0,189.1,500.0,500.0,0.0,0.0,0.0,0.3,0.01
1.2,186.4,6.20,29.8,16,189.5,190.0,189.1,500.0,500.0,0.0,0.0,0.0,0.3,0.01
1.2,185.8,6.20,29.8,17,189.5,190.0,189.2,500.0,500.0,0.0,0.0,0.0,0.3,0.01
1.2,185.4,6.20,29.8,18,189.5,190.0,189.2,500.0,500.0,0.0,0.0,0.0,0.3,0.01
1.2,185.0,6.20,29.8,19,189.5,190.0,189.2,500.0,500.0,0.0,0.0,0.0,0.3,0.01
1.2,184.6,6.20,29.8,20,189.5,190.0,189.2,500.0,500.0,0.0,0.0,0.0,0.3,0.01
1.1,184.2,6.20,29.8,21,189.5,190.0,189.2,500.0,500.0,0.0,0.0,0.0,0.3,0.01
1.0,183.9,6.20,29.8,22,189.5,190.0,189.2,500.0,500.0,0.0,0.0,0.0,0.3,0.01
0.9,183.6,6.20,29.8,23,189.5,190.0,189.2,500.0,500.0,0.0,0.0,0.0,0.3,0.01
0.7,183.3,6.20,29.6,24,189.5,190.0,189.2,500.0,500.0,0.0,0.0,0.0,0.3,0.01
0.5,182.8,6.20,29.8,25,189.5,189.9,189.2,500.0,500.0,0.0,0.0,0.0,0.3,0.01
0.4,182.4,6.20,29.8,26,189.5,189.9,189.2,500.0,500.0,0.0,0.0,0.0,0.3,0.01
0.5,181.9,6.20,29.8,27,189.5,189.9,189.2,500.0,500.0,0.0,0.0,0.0,0.3,0.02
0.6,181.5,6.20,29.6,28,189.5,189.9,189.2,500.0,500.0,0.0,0.0,0.0,0.3,0.02
1.2,180.9,6.20,30.0,29,189.5,189.9,189.2,500.0,500.0,0.0,0.0,0.0,0.3,0.02
1.2,180.3,6.20,30.0,30,189.5,189.9,189.2,500.0,500.0,0.0,0.0,0.0,0.3,0.02
1.3,179.3,6.20,30.0,31,189.5,190.0,189.3,500.0,500.0,0.0,0.0,0.0,0.3,0.02
1.2,178.4,6.20,30.0,32,189.5,190.0,189.3,500.0,500.0,0.0,0.0,0.0,0.3,0.02
1.1,177.6,6.20,30.2,33,189.4,190.0,189.3,500.0,500.0,0.0,0.0,0.0,0.3,0.02
0.6,176.9,6.20,30.0,34,189.4,190.0,189.3,500.0,500.0,0.0,0.0,0.0,0.3,0.02
0.9,176.2,6.20,30.0,35,189.4,190.0,189.3,500.0,500.0,0.0,0.0,0.0,0.3,0.02
0.7,175.5,6.20,30.0,36,189.4,190.0,189.3,500.0,500.0,0.0,0.0,0.0,0.3,0.02
1.0,175.0,6.20,30.0,37,189.4,190.0,189.2,500.0,500.0,0.0,0.0,0.0,0.3,0.02
1.0,174.7,6.20,30.0,38,189.4,190.0,189.2,500.0,500.0,0.0,0.0,0.0,0.3,0.02
1.4,174.3,6.20,30.0,39,189.3,190.0,189.2,500.0,500.0,0.0,0.0,0.0,0.3,0.02
1.1,174.1,6.20,29.8,40,189.3,190.0,189.2,500.0,500.0,0.0,0.0,0.0,0.3,0.02
1.3,173.9,6.20,29.8,41,189.3,190.0,189.2,500.0,500.0,0.0,0.0,0.0,0.3,0.02
0.9,173.9,6.20,29.8,42,189.3,190.0,189.2,500.0,500.0,0.0,0.0,0.0,0.3,0.02
1.1,173.8,6.20,29.8,43,189.3,190.0,189.2,500.0,500.0,0.0,0.0,0.0,0.3,0.02
0.7,173.7,6.20,29.8,44,189.2,190.0,189.2,500.0,500.0,0.0,0.0,0.0,0.3,0.02
1.0,173.5,6.20,30.0,45,189.2,190.0,189.2,500.0,500.0,0.0,0.0,0.0,0.3,0.02
1.3,173.4,6.20,29.8,46,189.2,190.0,189.2,500.0,500.0,0.0,0.0,0.0,0.3,0.02
2.0,173.3,6.20,29.8,47,189.2,190.0,189.2,500.0,500.0,0.0,0.0,0.0,0.3,0.03
3.0,173.1,6.20,29.8,48,189.2,190.0,189.2,500.0,500.0,0.0,0.0,0.0,0.3,0.03
3.3,172.7,6.20,29.8,49,189.2,190.0,189.2,500.0,500.0,0.0,0.0,0.0,0.3,0.03
3.8,172.4,6.20,29.6,50,189.1,190.0,189.2,500.0,500.0,0.0,0.0,0.0,0.3,0.03
4.1,172.2,6.20,29.8,51,189.1,190.0,189.2,500.0,500.0,0.0,0.0,0.0,0.3,0.03
4.3,172.2,6.20,29.8,52,189.1,190.0,189.2,500.0,500.0,0.0,0.0,0.0,0.3,0.04
3.9,172.1,6.20,29.8,53,189.1,190.0,189.2,500.0,500.0,0.0,0.0,0.0,0.3,0.04
4.3,171.9,6.20,29.6,54,189.1,190.0,189.2,500.0,500.0,0.0,0.0,0.0,0.3,0.04
4.5,171.7,6.20,29.8,55,189.1,190.0,189.1,500.0,500.0,0.0,0.0,0.0,0.3,0.04
4.8,171.6,6.20,29.8,56,189.1,190.0,189.1,500.0,500.0,0.0,0.0,0.0,0.3,0.04
4.6,171.4,6.20,29.8,57,189.0,190.0,189.1,500.0,500.0,0.0,0.0,0.0,0.3,0.05
4.6,171.3,6.20,29.8,58,189.0,190.0,189.1,500.0,500.0,0.0,0.0,0.0,0.3,0.05
4.7,171.2,6.20,30.0,59,189.0,190.0,189.1,500.0,500.0,0.0,0.0,0.0,0.3,0.05
5.1,171.1,6.20,29.8,60,189.0,190.0,189.1,500.0,500.0,0.0,0.0,0.0,0.3,0.05
4.9,171.1,6.20,29.8,61,189.0,190.0,189.1,500.0,500.0,0.0,0.0,0.0,0.3,0.06
5.0,171.1,6.20,29.8,62,189.0,190.0,189.1,500.0,500.0,0.0,0.0,0.0,0.3,0.06
5.2,170.9,6.20,29.8,63,189.0,190.0,189.0,500.0,500.0,0.0,0.0,0.0,0.3,0.06
5.3,170.7,6.20,29.8,64,189.0,190.0,189.0,500.0,500.0,0.0,0.0,0.0,0.3,0.06
4.7,170.7,6.20,30.0,65,189.0,190.0,189.0,500.0,500.0,0.0,0.0,0.0,0.3,0.07
4.8,170.7,6.20,29.8,66,189.0,190.0,189.0,500.0,500.0,0.0,0.0,0.0,0.3,0.07
4.8,170.9,6.20,29.8,67,189.0,190.0,189.0,500.0,500.0,0.0,0.0,0.0,0.3,0.07
5.0,171.1,6.20,29.8,68,189.0,190.0,189.0,500.0,500.0,0.0,0.0,0.0,0.3,0.07
5.0,171.4,6.20,29.8,69,188.9,190.0,189.0,500.0,500.0,0.0,0.0,0.0,0.3,0.08
5.9,171.6,6.20,29.6,70,188.9,190.0,189.0,500.0,500.0,0.0,0.0,0.0,0.3,0.08
7.8,171.9,6.21,29.8,71,188.9,190.0,189.0,500.0,500.0,0.0,0.0,0.0,0.3,0.08
9.6,171.8,6.21,29.8,72,188.9,190.0,189.0,500.0,500.0,0.0,0.0,0.0,0.3,0.09
12.2,170.8,6.21,29.8,73,188.9,190.0,189.0,500.0,500.0,0.0,0.0,0.0,0.3,0.09
13.8,168.6,6.21,29.6,74,188.9,190.0,189.0,500.0,500.0,0.0,0.0,0.0,0.3,0.10
14.9,166.1,6.21,29.8,75,188.9,190.0,188.9,500.0,500.0,0.0,0.0,0.0,0.3,0.11
15.7,164.0,6.21,29.8,76,188.9,190.0,188.9,500.0,500.0,0.0,0.0,0.0,0.3,0.12
15.5,162.8,6.21,29.8,77,188.9,190.0,188.9,500.0,500.0,0.0,0.0,0.0,0.3,0.12
14.4,162.3,6.20,29.6,78,189.0,190.0,188.9,500.0,500.0,0.0,0.0,0.0,0.3,0.13
14.4,162.2,6.20,30.0,79,189.0,190.0,188.9,500.0,500.0,0.0,0.0,0.0,0.3,0.14
14.8,162.6,6.20,29.8,80,189.0,190.0,188.9,500.0,500.0,0.0,0.0,0.0,0.3,0.14
14.1,163.2,6.20,29.8,81,189.0,190.0,188.9,500.0,500.0,0.0,0.0,0.0,0.3,0.15
14.4,163.8,6.20,29.8,82,189.0,190.0,188.9,500.0,500.0,0.0,0.0,0.0,0.3,0.16
14.5,164.3,6.20,30.0,83,189.0,190.0,188.9,500.0,500.0,0.0,0.0,0.0,0.3,0.17
14.6,164.8,6.20,29.6,84,189.0,190.0,188.9,500.0,500.0,0.0,0.0,0.0,0.3,0.17
13.5,165.3,6.20,29.8,85,189.1,190.0,189.0,500.0,500.0,0.0,0.0,0.0,0.3,0.18
13.0,165.9,6.20,29.8,86,189.1,190.0,189.0,500.0,500.0,0.0,0.0,0.0,0.3,0.19
12.1,166.5,6.20,29.8,87,189.1,190.0,189.0,500.0,500.0,0.0,0.0,0.0,0.3,0.19
11.4,167.1,6.20,29.6,88,189.1,190.0,189.0,500.0,500.0,0.0,0.0,0.0,0.3,0.20
10.5,167.4,6.20,29.8,89,189.1,190.0,189.0,500.0,500.0,0.0,0.0,0.0,0.3,0.20
10.0,167.8,6.20,29.8,90,189.1,190.0,189.0,500.0,500.0,0.0,0.0,0.0,0.3,0.21
9.2,168.2,6.21,29.8,91,189.2,190.0,189.0,500.0,500.0,0.0,0.0,0.0,0.3,0.21
8.7,168.8,6.21,29.6,92,189.2,190.0,189.0,500.0,500.0,0.0,0.0,0.0,0.3,0.22
8.3,169.3,6.20,29.8,93,189.2,190.0,189.0,500.0,500.0,0.0,0.0,0.0,0.3,0.22
8.0,169.8,6.20,29.8,94,189.2,190.0,189.0,500.0,500.0,0.0,0.0,0.0,0.3,0.22
8.0,170.3,6.20,29.8,95,189.2,190.0,189.0,500.0,500.0,0.0,0.0,0.0,0.3,0.23
7.9,170.8,6.20,29.8,96,189.2,190.0,189.1,500.0,500.0,0.0,0.0,0.0,0.3,0.23
7.9,171.3,6.20,30.0,97,189.2,190.0,189.1,500.0,500.0,0.0,0.0,0.0,0.3,0.24
7.8,171.8,6.20,29.8,98,189.2,190.0,189.1,500.0,500.0,0.0,0.0,0.0,0.3,0.24
7.7,172.2,6.20,29.8,99,189.2,190.0,189.1,500.0,500.0,0.0,0.0,0.0,0.3,0.24
7.4,172.6,6.20,29.8,100,189.3,190.0,189.1,500.0,500.0,0.0,0.0,0.0,0.3,0.25
7.3,173.1,6.20,29.8,101,189.3,190.0,189.1,500.0,500.0,0.0,0.0,0.0,0.3,0.25
7.1,173.5,6.20,29.6,102,189.3,190.0,189.1,500.0,500.0,0.0,0.0,0.0,0.3,0.26
7.0,174.0,6.20,29.8,103,189.3,190.0,189.1,500.0,500.0,0.0,0.0,0.0,0.3,0.26
6.9,174.3,6.20,29.8,104,189.3,190.0,189.1,500.0,500.0,0.0,0.0,0.0,0.3,0.26
7.1,174.7,6.20,29.8,105,189.3,190.0,189.2,500.0,500.0,0.0,0.0,0.0,0.3,0.27
7.2,175.1,6.20,29.8,106,189.4,190.0,189.2,500.0,500.0,0.0,0.0,0.0,0.3,0.27
7.6,175.5,6.20,30.0,107,189.4,190.0,189.2,500.0,500.0,0.0,0.0,0.0,0.3,0.27
7.6,175.8,6.20,29.8,108,189.4,190.0,189.2,500.0,500.0,0.0,0.0,0.0,0.3,0.28
7.9,176.1,6.20,29.8,109,189.4,190.0,189.2,500.0,500.0,0.0,0.0,0.0,0.3,0.28
7.7,176.4,6.20,29.8,110,189.4,190.0,189.2,500.0,500.0,0.0,0.0,0.0,0.3,0.28
7.7,176.7,6.20,29.8,111,189.4,190.0,189.3,500.0,500.0,0.0,0.0,0.0,0.3,0.29
7.5,177.0,6.20,29.8,112,189.5,190.0,189.3,500.0,500.0,0.0,0.0,0.0,0.3,0.29
7.5,177.3,6.20,30.0,113,189.5,190.0,189.3,500.0,500.0,0.0,0.0,0.0,0.3,0.30
7.4,177.6,6.20,30.0,114,189.5,190.0,189.3,500.0,500.0,0.0,0.0,0.0,0.3,0.30
7.5,177.9,6.20,30.0,115,189.5,190.0,189.4,500.0,500.0,0.0,0.0,0.0,0.3,0.30
7.4,178.1,6.20,30.0,116,189.6,190.0,189.4,500.0,500.0,0.0,0.0,0.0,0.3,0.31
7.4,178.4,6.20,30.0,117,189.6,190.0,189.4,500.0,500.0,0.0,0.0,0.0,0.3,0.31
7.5,178.6,6.20,29.8,118,189.6,190.0,189.4,500.0,500.0,0.0,0.0,0.0,0.3,0.31
7.6,178.8,6.20,29.8,119,189.6,190.0,189.4,500.0,500.0,0.0,0.0,0.0,0.3,0.32
7.6,179.0,6.20,29.8,120,189.6,190.0,189.4,500.0,500.0,0.0,0.0,0.0,0.3,0.32
7.8,179.1,6.20,29.8,121,189.6,190.0,189.5,500.0,500.0,0.0,0.0,0.0,0.3,0.33
7.7,179.3,6.20,29.8,122,189.7,190.0,189.5,500.0,500.0,0.0,0.0,0.0,0.3,0.33
7.8,179.5,6.20,29.8,123,189.7,190.0,189.5,500.0,500.0,0.0,0.0,0.0,0.3,0.33
7.4,179.7,6.20,29.8,124,189.7,190.0,189.5,500.0,500.0,0.0,0.0,0.0,0.3,0.34
7.4,179.9,6.20,29.8,125,189.7,190.0,189.6,500.0,500.0,0.0,0.0,0.0,0.3,0.34
7.0,180.1,6.20,29.8,126,189.7,190.0,189.6,500.0,500.0,0.0,0.0,0.0,0.3,0.34
7.1,180.3,6.20,29.8,127,189.8,190.0,189.6,500.0,500.0,0.0,0.0,0.0,0.3,0.35
7.2,180.4,6.19,29.8,128,189.8,190.0,189.6,500.0,500.0,0.0,0.0,0.0,0.3,0.35
7.4,180.6,6.19,29.8,129,189.8,190.0,189.6,500.0,500.0,0.0,0.0,0.0,0.3,0.36
7.5,180.8,6.19,29.8,130,189.8,190.0,189.7,500.0,500.0,0.0,0.0,0.0,0.3,0.36
7.5,180.9,6.19,29.8,131,189.8,190.0,189.7,500.0,500.0,0.0,0.0,0.0,0.3,0.36
7.5,181.1,6.19,29.8,132,189.9,190.0,189.7,500.0,500.0,0.0,0.0,0.0,0.3,0.37
7.0,181.3,6.20,30.0,133,189.9,190.0,189.7,500.0,500.0,0.0,0.0,0.0,0.3,0.37
6.9,181.4,6.20,29.8,134,189.9,190.0,189.8,500.0,500.0,0.0,0.0,0.0,0.3,0.37
6.6,181.6,6.20,29.8,135,189.9,190.0,189.8,500.0,500.0,0.0,0.0,0.0,0.3,0.38
6.7,181.7,6.20,29.8,136,189.9,190.0,189.8,500.0,500.0,0.0,0.0,0.0,0.3,0.38
6.6,181.9,6.20,29.8,137,189.9,190.0,189.8,500.0,500.0,0.0,0.0,0.0,0.3,0.38
7.1,182.0,6.20,29.6,138,190.0,190.0,189.9,500.0,500.0,0.0,0.0,0.0,0.3,0.39
7.1,182.1,6.20,29.8,139,190.0,190.0,189.9,500.0,500.0,0.0,0.0,0.0,0.3,0.39
7.6,182.3,6.20,29.8,140,190.0,190.0,189.9,500.0,500.0,0.0,0.0,0.0,0.3,0.39
7.8,182.4,6.20,29.8,141,190.0,190.0,189.9,500.0,500.0,0.0,0.0,0.0,0.3,0.40
8.2,182.5,6.20,29.8,142,190.0,190.0,189.9,500.0,500.0,0.0,0.0,0.0,0.3,0.40
7.7,182.6,6.20,30.0,143,190.0,190.0,190.0,500.0,500.0,0.0,0.0,0.0,0.3,0.41
7.7,182.8,6.20,29.8,144,190.0,190.0,190.0,500.0,500.0,0.0,0.0,0.0,0.3,0.41
7.3,182.9,6.20,29.8,145,190.0,190.0,190.0,500.0,500.0,0.0,0.0,0.0,0.3,0.41
7.2,183.0,6.20,29.8,146,190.0,190.0,190.0,500.0,500.0,0.0,0.0,0.0,0.3,0.42
7.0,183.1,6.20,29.8,147,190.0,190.0,190.0,500.0,500.0,0.0,0.0,0.0,0.3,0.42
7.4,183.2,6.20,29.8,148,190.0,190.0,190.0,500.0,500.0,0.0,0.0,0.0,0.3,0.42
7.3,183.3,6.20,29.8,149,190.0,190.0,190.0,500.0,500.0,0.0,0.0,0.0,0.3,0.43
7.7,183.4,6.20,29.8,150,190.0,190.0,190.0,500.0,500.0,0.0,0.0,0.0,0.3,0.43
7.5,183.5,6.20,29.8,151,190.0,190.0,190.0,500.0,500.0,0.0,0.0,0.0,0.3,0.44
7.8,183.6,6.20,29.8,152,190.0,190.0,190.0,500.0,500.0,0.0,0.0,0.0,0.3,0.44
7.5,183.8,6.20,29.6,153,190.0,190.0,190.0,500.0,500.0,0.0,0.0,0.0,0.3,0.44
7.8,183.9,6.20,29.8,154,190.0,190.0,190.0,500.0,500.0,0.0,0.0,0.0,0.3,0.45
7.5,184.0,6.20,29.8,155,190.0,190.0,190.0,500.0,500.0,0.0,0.0,0.0,0.3,0.45
7.8,184.1,6.20,29.8,156,190.0,190.0,190.0,500.0,500.0,0.0,0.0,0.0,0.3,0.45
7.3,184.2,6.20,29.8,157,190.0,190.0,190.0,500.0,500.0,0.0,0.0,0.0,0.3,0.46
7.5,184.3,6.20,30.0,158,190.0,190.0,190.0,500.0,500.0,0.0,0.0,0.0,0.3,0.46
7.4,184.4,6.20,29.8,159,190.0,190.0,190.0,500.0,500.0,0.0,0.0,0.0,0.3,0.47
7.7,184.5,6.20,29.8,160,190.0,190.0,190.0,500.0,500.0,0.0,0.0,0.0,0.3,0.47
7.7,184.6,6.20,29.8,161,190.0,190.0,190.0,500.0,500.0,0.0,0.0,0.0,0.3,0.47
8.1,184.7,6.20,29.8,162,190.0,190.0,190.0,500.0,500.0,0.0,0.0,0.0,0.3,0.48
8.1,184.8,6.20,29.8,163,190.0,190.0,190.0,500.0,500.0,0.0,0.0,0.0,0.3,0.48
8.0,184.9,6.20,30.0,164,190.0,190.0,190.0,500.0,500.0,0.0,0.0,0.0,0.3,0.48
8.0,185.0,6.20,29.8,165,190.0,190.0,190.0,500.0,500.0,0.0,0.0,0.0,0.3,0.49
7.6,185.0,6.20,29.8,166,190.0,190.0,190.0,500.0,500.0,0.0,0.0,0.0,0.3,0.49
7.4,185.1,6.20,29.8,167,190.0,190.0,190.0,500.0,500.0,0.0,0.0,0.0,0.3,0.50
7.2,185.2,6.20,29.8,168,190.0,190.0,190.0,500.0,500.0,0.0,0.0,0.0,0.3,0.50
6.9,185.3,6.20,29.6,169,190.0,190.0,190.0,500.0,500.0,0.0,0.0,0.0,0.3,0.50
6.6,185.4,6.20,29.8,170,190.0,190.0,190.0,500.0,500.0,0.0,0.0,0.0,0.3,0.51
6.6,185.4,6.20,29.8,171,190.0,190.0,190.0,500.0,500.0,0.0,0.0,0.0,0.3,0.51
6.5,185.5,6.20,29.8,172,190.0,190.0,190.0,500.0,500.0,0.0,0.0,0.0,0.3,0.51
6.7,185.6,6.20,29.6,173,190.0,190.0,190.0,500.0,500.0,0.0,0.0,0.0,0.3,0.52
6.9,185.7,6.20,30.0,174,190.0,190.0,190.0,500.0,500.0,0.0,0.0,0.0,0.3,0.52
7.2,185.8,6.20,29.8,175,190.0,190.0,190.0,500.0,500.0,0.0,0.0,0.0,0.3,0.52
7.1,185.8,6.20,29.8,176,190.0,190.0,190.0,500.0,500.0,0.0,0.0,0.0,0.3,0.53
7.3,185.9,6.20,29.8,177,190.0,190.0,190.0,500.0,500.0,0.0,0.0,0.0,0.3,0.53
7.0,186.0,6.20,30.0,178,190.0,190.0,190.0,500.0,500.0,0.0,0.0,0.0,0.3,0.53
7.0,186.0,6.20,29.6,179,190.0,190.0,190.0,500.0,500.0,0.0,0.0,0.0,0.3,0.54
6.7,186.1,6.20,29.8,180,190.0,190.0,190.0,500.0,500.0,0.0,0.0,0.0,0.3,0.54
6.8,186.2,6.20,29.8,181,190.0,190.0,190.0,500.0,500.0,0.0,0.0,0.0,0.3,0.54
6.6,186.2,6.20,29.8,182,190.0,190.0,190.0,500.0,500.0,0.0,0.0,0.0,0.3,0.55
6.8,186.3,6.20,29.8,183,190.0,190.0,190.0,500.0,500.0,0.0,0.0,0.0,0.3,0.55
6.7,186.4,6.20,30.0,184,190.0,190.0,190.0,500.0,500.0,0.0,0.0,0.0,0.3,0.55
7.1,186.4,6.20,29.8,185,190.0,190.0,190.0,500.0,500.0,0.0,0.0,0.0,0.3,0.56
7.2,186.4,6.20,29.8,186,190.0,190.0,190.0,500.0,500.0,0.0,0.0,0.0,0.3,0.56
7.5,186.5,6.20,29.8,187,190.0,190.0,190.0,500.0,500.0,0.0,0.0,0.0,0.3,0.56
7.5,186.6,6.20,29.8,188,190.0,190.0,190.0,500.0,500.0,0.0,0.0,0.0,0.3,0.57
7.7,186.6,6.20,29.6,189,190.0,190.0,190.0,500.0,500.0,0.0,0.0,0.0,0.3,0.57
7.3,186.6,6.20,29.8,190,190.0,190.0,190.0,500.0,500.0,0.0,0.0,0.0,0.3,0.58
7.6,186.7,6.20,29.8,191,190.0,190.0,190.0,500.0,500.0,0.0,0.0,0.0,0.3,0.58
7.2,186.8,6.20,29.8,192,190.0,190.0,190.0,500.0,500.0,0.0,0.0,0.0,0.3,0.58
7.4,186.8,6.20,29.8,193,190.0,190.0,190.0,500.0,500.0,0.0,0.0,0.0,0.3,0.59
7.4,186.9,6.20,30.0,194,190.0,190.0,190.0,500.0,500.0,0.0,0.0,0.0,0.3,0.59
7.6,187.0,6.20,29.8,195,190.0,190.0,190.0,500.0,500.0,0.0,0.0,0.0,0.3,0.59
7.6,187.0,6.20,29.8,196,190.0,190.0,190.0,500.0,500.0,0.0,0.0,0.0,0.3,0.60
8.1,187.1,6.20,29.8,197,190.0,190.0,190.0,500.0,500.0,0.0,0.0,0.0,0.3,0.60
8.1,187.2,6.20,29.8,198,190.0,190.0,190.0,500.0,500.0,0.0,0.0,0.0,0.3,0.61
8.1,187.2,6.20,29.6,199,190.0,190.0,190.0,500.0,500.0,0.0,0.0,0.0,0.3,0.61
8.2,187.3,6.20,30.0,200,190.0,190.0,190.0,500.0,500.0,0.0,0.0,0.0,0.3,0.61
8.0,187.4,6.20,29.8,201,190.0,190.0,190.0,500.0,500.0,0.0,0.0,0.0,0.3,0.62
7.8,187.4,6.20,29.8,202,190.0,190.0,190.0,500.0,500.0,0.0,0.0,0.0,0.3,0.62
7.4,187.4,6.20,29.8,203,190.0,190.1,190.0,500.0,500.0,0.0,0.0,0.0,0.3,0.63
7.0,187.5,6.20,30.0,204,190.0,190.1,190.0,500.0,500.0,0.0,0.0,0.0,0.3,0.63
6.7,187.6,6.20,29.6,205,190.0,190.1,190.0,500.0,500.0,0.0,0.0,0.0,0.3,0.63
6.4,187.6,6.20,29.8,206,190.0,190.1,190.0,500.0,500.0,0.0,0.0,0.0,0.3,0.64
6.3,187.7,6.20,29.8,207,190.0,190.1,190.0,500.0,500.0,0.0,0.0,0.0,0.3,0.64
6.5,187.7,6.20,29.8,208,190.0,190.1,190.0,500.0,500.0,0.0,0.0,0.0,0.3,0.64
6.5,187.7,6.20,29.8,209,190.0,190.1,190.0,500.0,500.0,0.0,0.0,0.0,0.3,0.65
6.9,187.8,6.20,30.0,210,190.0,190.1,190.0,500.0,500.0,0.0,0.0,0.0,0.3,0.65
6.8,187.9,6.20,29.8,211,190.0,190.0,190.0,500.0,500.0,0.0,0.0,0.0,0.3,0.65
7.0,187.9,6.20,29.8,212,190.0,190.0,190.0,500.0,500.0,0.0,0.0,0.0,0.3,0.66
6.6,188.0,6.20,29.8,213,190.0,190.0,190.0,500.0,500.0,0.0,0.0,0.0,0.3,0.66
6.8,188.0,6.20,29.8,214,190.0,190.0,190.0,500.0,500.0,0.0,0.0,0.0,0.3,0.66
6.3,188.1,6.20,29.6,215,190.0,190.0,190.0,500.0,500.0,0.0,0.0,0.0,0.3,0.67
6.4,188.1,6.20,29.8,216,190.0,190.0,190.0,500.0,500.0,0.0,0.0,0.0,0.3,0.67
6.3,188.2,6.20,29.8,217,190.0,190.0,190.0,500.0,500.0,0.0,0.0,0.0,0.3,0.67
6.5,188.3,6.20,29.8,218,190.0,190.0,190.0,500.0,500.0,0.0,0.0,0.0,0.3,0.68
6.5,188.3,6.20,29.8,219,190.0,190.0,190.0,500.0,500.0,0.0,0.0,0.0,0.3,0.68
6.9,188.3,6.20,30.0,220,190.0,190.0,190.0,500.0,500.0,0.0,0.0,0.0,0.3,0.68
7.0,188.4,6.20,29.8,221,190.0,190.0,190.0,500.0,500.0,0.0,0.0,0.0,0.3,0.69
7.3,188.4,6.20,29.8,222,190.0,190.0,190.0,500.0,500.0,0.0,0.0,0.0,0.3,0.69
7.5,188.5,6.20,29.8,223,190.0,190.0,190.0,500.0,500.0,0.0,0.0,0.0,0.3,0.69
7.8,188.5,6.20,29.8,224,190.0,190.0,190.0,500.0,500.0,0.0,0.0,0.0,0.3,0.70
7.7,188.6,6.20,29.6,225,190.0,190.0,190.0,500.0,500.0,0.0,0.0,0.0,0.3,0.70
8.1,188.6,6.20,29.6,226,190.0,190.0,190.0,500.0,500.0,0.0,0.0,0.0,0.3,0.70
7.9,188.6,6.20,29.4,227,190.0,190.0,190.0,500.0,500.0,0.0,0.0,0.0,0.3,0.71
7.8,188.7,6.20,29.4,228,190.0,189.9,190.0,500.0,500.0,0.0,0.0,0.0,0.3,0.71
7.7,188.8,6.20,29.4,229,190.0,189.8,190.0,500.0,500.0,0.0,0.0,0.0,0.3,0.72
7.8,188.9,6.20,29.6,230,190.0,189.8,190.0,500.0,500.0,0.0,0.0,0.0,0.3,0.72
7.8,189.0,6.20,29.6,231,190.0,189.9,190.0,500.0,500.0,0.0,0.0,0.0,0.3,0.72
8.0,189.0,6.20,29.8,232,190.0,189.9,190.0,500.0,500.0,0.0,0.0,0.0,0.3,0.73
8.3,189.0,6.20,29.8,233,190.0,189.9,190.0,500.0,500.0,0.0,0.0,0.0,0.3,0.73
8.3,189.1,6.20,29.8,234,190.0,190.0,190.0,500.0,500.0,0.0,0.0,0.0,0.3,0.74
8.4,189.2,6.20,29.8,235,190.0,190.0,190.0,500.0,500.0,0.0,0.0,0.0,0.3,0.74
8.2,189.2,6.20,30.0,236,190.0,190.0,190.0,500.0,500.0,0.0,0.0,0.0,0.3,0.74
8.0,189.2,6.20,29.8,237,190.0,190.0,190.0,500.0,500.0,0.0,0.0,0.0,0.3,0.75
7.7,189.3,6.20,29.8,238,190.0,190.0,190.0,500.0,500.0,0.0,0.0,0.0,0.3,0.75
7.5,189.3,6.20,29.8,239,190.0,190.0,190.0,500.0,500.0,0.0,0.0,0.0,0.3,0.76
7.2,189.3,6.20,29.8,240,190.0,190.0,190.0,500.0,500.0,0.0,0.0,0.0,0.3,0.76
6.9,189.4,6.20,29.6,241,190.0,190.0,190.0,500.0,500.0,0.0,0.0,0.0,0.3,0.76
6.7,189.4,6.20,29.8,242,190.0,190.0,190.0,500.0,500.0,0.0,0.0,0.0,0.3,0.77
6.7,189.4,6.20,29.8,243,190.0,190.0,190.0,500.0,500.0,0.0,0.0,0.0,0.3,0.77
6.7,189.5,6.20,29.8,244,190.0,190.0,190.0,500.0,500.0,0.0,0.0,0.0,0.3,0.77
6.9,189.5,6.20,29.8,245,190.0,190.0,190.0,500.0,500.0,0.0,0.0,0.0,0.3,0.78
6.8,189.5,6.20,30.0,246,190.0,190.0,190.0,500.0,500.0,0.0,0.0,0.0,0.3,0.78
7.2,189.6,6.20,29.8,247,190.0,190.0,190.0,500.0,500.0,0.0,0.0,0.0,0.3,0.78
6.9,189.7,6.20,29.8,248,190.0,190.0,190.0,500.0,500.0,0.0,0.0,0.0,0.3,0.79
7.0,189.7,6.20,29.8,249,190.0,190.1,190.0,500.0,500.0,0.0,0.0,0.0,0.3,0.79
6.4,189.7,6.20,29.8,250,190.0,190.1,190.0,500.0,500.0,0.0,0.0,0.0,0.3,0.79
6.6,189.8,6.20,29.8,251,190.0,190.1,190.0,500.0,500.0,0.0,0.0,0.0,0.3,0.80
6.3,189.8,6.20,29.8,252,190.0,190.1,190.0,500.0,500.0,0.0,0.0,0.0,0.3,0.80
6.5,189.8,6.20,29.8,253,190.0,190.1,190.0,500.0,500.0,0.0,0.0,0.0,0.3,0.80
6.4,189.8,6.20,29.8,254,190.0,190.1,190.0,500.0,500.0,0.0,0.0,0.0,0.3,0.81
6.8,189.9,6.20,29.8,255,190.0,190.1,190.0,500.0,500.0,0.0,0.0,0.0,0.3,0.81
6.9,189.9,6.20,29.6,256,190.0,190.1,190.0,500.0,500.0,0.0,0.0,0.0,0.3,0.81
7.2,190.0,6.20,29.8,257,190.0,190.1,190.0,500.0,500.0,0.0,0.0,0.0,0.3,0.82
7.3,190.0,6.20,29.8,258,190.0,190.0,190.0,500.0,500.0,0.0,0.0,0.0,0.3,0.82
7.2,190.1,6.20,29.8,259,190.0,190.0,190.0,500.0,500.0,0.0,0.0,0.0,0.3,0.82
6.9,190.1,6.20,29.8,260,190.0,190.0,190.0,500.0,500.0,0.0,0.0,0.0,0.3,0.83
6.8,190.1,6.20,30.0,261,190.0,190.0,190.0,500.0,500.0,0.0,0.0,0.0,0.3,0.83
6.5,190.2,6.20,29.8,262,190.0,190.0,190.0,500.0,500.0,0.0,0.0,0.0,0.3,0.83
6.5,190.2,6.20,29.8,263,190.0,190.0,190.0,500.0,500.0,0.0,0.0,0.0,0.3,0.84
6.9,190.2,6.20,29.8,264,190.0,190.0,190.0,500.0,500.0,0.0,0.0,0.0,0.3,0.84
7.3,190.3,6.20,29.8,265,190.0,190.0,190.0,500.0,500.0,0.0,0.0,0.0,0.3,0.84
7.7,190.3,6.20,29.8,266,190.0,190.0,190.0,500.0,500.0,0.0,0.0,0.0,0.3,0.85
8.0,190.3,6.20,29.8,267,190.0,190.0,190.0,500.0,500.0,0.0,0.0,0.0,0.3,0.85
8.1,190.4,6.20,29.8,268,190.0,190.0,190.0,500.0,500.0,0.0,0.0,0.0,0.3,0.86
8.1,190.4,6.20,29.8,269,190.0,190.0,190.0,500.0,500.0,0.0,0.0,0.0,0.3,0.86
7.9,190.4,6.20,29.8,270,190.0,190.0,190.0,500.0,500.0,0.0,0.0,0.0,0.3,0.86
7.8,190.5,6.20,29.8,271,190.0,189.9,190.0,500.0,500.0,0.0,0.0,0.0,0.3,0.87
7.6,190.5,6.20,30.0,272,190.0,189.8,190.0,500.0,500.0,0.0,0.0,0.0,0.3,0.87
7.6,190.6,6.20,30.0,273,190.0,189.8,190.0,500.0,500.0,0.0,0.0,0.0,0.3,0.87
7.6,190.6,6.20,30.0,274,190.0,189.8,190.0,500.0,500.0,0.0,0.0,0.0,0.3,0.88
7.7,190.7,6.20,30.0,275,190.0,189.8,190.0,500.0,500.0,0.0,0.0,0.0,0.3,0.88
7.9,190.7,6.20,30.0,276,190.0,189.8,190.0,500.0,500.0,0.0,0.0,0.0,0.3,0.89
7.7,190.8,6.20,29.8,277,190.0,189.8,190.0,500.0,500.0,0.0,0.0,0.0,0.3,0.89
7.7,190.8,6.20,29.8,278,190.0,189.8,190.0,500.0,500.0,0.0,0.0,0.0,0.3,0.89
7.3,190.8,6.20,29.8,279,190.0,189.8,190.0,500.0,500.0,0.0,0.0,0.0,0.3,0.90
7.3,190.8,6.20,29.8,280,190.0,189.8,190.0,500.0,500.0,0.0,0.0,0.0,0.3,0.90
6.8,190.9,6.20,29.8,281,190.0,189.8,190.0,500.0,500.0,0.0,0.0,0.0,0.3,0.90
6.9,190.9,6.20,29.8,282,190.0,189.8,190.0,500.0,500.0,0.0,0.0,0.0,0.3,0.91
6.5,190.9,6.20,29.8,283,190.0,189.8,190.0,500.0,500.0,0.0,0.0,0.0,0.3,0.91
6.7,190.9,6.20,29.8,284,190.0,189.9,190.0,500.0,500.0,0.0,0.0,0.0,0.3,0.91
6.5,191.0,6.20,29.8,285,190.0,190.0,190.0,500.0,500.0,0.0,0.0,0.0,0.3,0.92
7.1,191.0,6.20,29.8,286,190.0,190.0,190.0,500.0,500.0,0.0,0.0,0.0,0.3,0.92
6.9,191.0,6.20,30.0,287,190.0,190.0,190.0,500.0,500.0,0.0,0.0,0.0,0.3,0.93
7.3,191.0,6.20,29.8,288,190.0,190.0,190.0,500.0,500.0,0.0,0.0,0.0,0.3,0.93
7.2,191.1,6.20,29.8,289,190.0,190.0,190.0,500.0,500.0,0.0,0.0,0.0,0.3,0.93
7.3,191.1,6.20,29.8,290,190.0,190.0,190.0,500.0,500.0,0.0,0.0,0.0,0.3,0.94
6.7,191.1,6.20,29.8,291,190.0,190.0,190.0,500.0,500.0,0.0,0.0,0.0,0.3,0.94
6.8,191.2,6.20,29.6,292,190.0,190.0,190.0,500.0,500.0,0.0,0.0,0.0,0.3,0.94
6.5,191.2,6.20,29.8,293,190.0,190.0,190.0,500.0,500.0,0.0,0.0,0.0,0.3,0.95
6.6,191.2,6.20,29.8,294,190.0,190.0,190.0,500.0,500.0,0.0,0.0,0.0,0.3,0.95
6.5,191.2,6.20,29.8,295,190.0,190.0,190.0,500.0,500.0,0.0,0.0,0.0,0.3,0.95
6.8,191.2,6.20,29.8,296,190.0,190.0,190.0,500.0,500.0,0.0,0.0,0.0,0.3,0.96
7.0,191.3,6.20,30.0,297,190.0,190.0,190.0,500.0,500.0,0.0,0.0,0.0,0.3,0.96
7.2,191.3,6.20,29.8,298,190.0,190.0,190.0,500.0,500.0,0.0,0.0,0.0,0.3,0.96
7.4,191.3,6.20,29.8,299,190.0,190.1,190.0,500.0,500.0,0.0,0.0,0.0,0.3,0.97
7.1,191.3,6.20,29.8,300,190.0,190.1,190.0,500.0,500.0,0.0,0.0,0.0,0.3,0.97
7.1,191.4,6.20,29.8,301,190.0,190.1,190.0,500.0,500.0,0.0,0.0,0.0,0.3,0.97
7.0,191.4,6.20,29.8,302,190.0,190.1,190.0,500.0,500.0,0.0,0.0,0.0,0.3,0.98
7.0,191.4,6.20,30.0,303,190.0,190.1,190.0,500.0,500.0,0.0,0.0,0.0,0.3,0.98
7.0,191.5,6.20,30.0,304,190.0,190.1,190.0,500.0,500.0,0.0,0.0,0.0,0.3,0.98
7.4,191.5,6.20,30.0,305,190.0,190.1,190.0,500.0,500.0,0.0,0.0,0.0,0.3,0.99
7.6,191.5,6.20,30.0,306,190.0,190.1,190.0,500.0,500.0,0.0,0.0,0.0,0.3,0.99
7.9,191.6,6.20,30.0,307,190.0,190.1,190.0,500.0,500.0,0.0,0.0,0.0,0.3,1.00
7.9,191.6,6.20,29.8,308,190.0,190.0,190.0,500.0,500.0,0.0,0.0,0.0,0.3,1.00
8.1,191.6,6.20,29.8,309,190.0,190.0,190.0,500.0,500.0,0.0,0.0,0.0,0.3,1.00
8.0,191.6,6.20,29.8,310,190.0,190.0,190.0,500.0,500.0,0.0,0.0,0.0,0.3,1.01
8.0,191.7,6.20,29.8,311,190.0,190.0,190.0,500.0,500.0,0.0,0.0,0.0,0.3,1.01
7.8,191.7,6.20,29.6,312,190.0,190.0,190.0,500.0,500.0,0.0,0.0,0.0,0.3,1.02
7.5,191.7,6.20,29.8,313,190.0,190.0,190.0,500.0,500.0,0.0,0.0,0.0,0.3,1.02
7.2,191.7,6.20,29.8,314,190.0,190.0,190.0,500.0,500.0,0.0,0.0,0.0,0.3,1.02
7.1,191.7,6.20,29.8,315,190.0,190.0,190.0,500.0,500.0,0.0,0.0,0.0,0.3,1.03
6.8,191.7,6.20,29.8,316,190.0,190.0,190.0,500.0,500.0,0.0,0.0,0.0,0.3,1.03
6.6,191.7,6.20,30.0,317,190.0,190.0,190.0,500.0,500.0,0.0,0.0,0.0,0.3,1.03
6.7,191.8,6.20,29.8,318,190.0,190.0,190.0,500.0,500.0,0.0,0.0,0.0,0.3,1.04
7.0,191.8,6.20,29.8,319,190.0,190.0,190.0,500.0,500.0,0.0,0.0,0.0,0.3,1.04
7.0,191.8,6.20,29.8,320,190.0,190.0,190.0,500.0,500.0,0.0,0.0,0.0,0.3,1.04
7.4,191.8,6.20,29.8,321,190.0,190.0,190.0,500.0,500.0,0.0,0.0,0.0,0.3,1.05
7.4,191.9,6.20,29.6,322,190.0,190.0,190.0,500.0,500.0,0.0,0.0,0.0,0.3,1.05
7.5,191.9,6.20,30.0,323,190.0,190.0,190.0,500.0,500.0,0.0,0.0,0.0,0.3,1.05
7.0,191.9,6.20,29.8,324,190.0,190.0,190.0,500.0,500.0,0.0,0.0,0.0,0.3,1.06
7.1,191.9,6.20,29.8,325,190.0,190.0,190.0,500.0,500.0,0.0,0.0,0.0,0.3,1.06
6.6,191.9,6.20,29.8,326,190.0,190.0,190.0,500.0,500.0,0.0,0.0,0.0,0.3,1.06
6.7,191.9,6.20,30.0,327,190.0,190.0,190.0,500.0,500.0,0.0,0.0,0.0,0.3,1.07
6.4,192.0,6.20,29.6,328,190.0,190.0,190.0,500.0,500.0,0.0,0.0,0.0,0.3,1.07
6.6,192.0,6.20,29.8,329,190.0,190.0,190.0,500.0,500.0,0.0,0.0,0.0,0.3,1.07
6.5,192.0,6.20,29.8,330,190.0,190.0,190.0,500.0,500.0,0.0,0.0,0.0,0.3,1.08
6.7,192.1,6.20,29.8,331,190.0,190.0,190.0,500.0,500.0,0.0,0.0,0.0,0.3,1.08
6.8,192.1,6.20,29.6,332,190.0,190.0,190.0,500.0,500.0,0.0,0.0,0.0,0.3,1.08
7.0,192.1,6.20,29.8,333,190.0,190.0,190.0,500.0,500.0,0.0,0.0,0.0,0.3,1.09
7.1,192.1,6.20,29.6,334,190.0,190.0,190.0,500.0,500.0,0.0,0.0,0.0,0.3,1.09
6.9,192.1,6.20,29.6,335,190.0,190.0,190.0,500.0,500.0,0.0,0.0,0.0,0.3,1.09
6.8,192.1,6.20,29.6,336,190.0,190.0,190.0,500.0,500.0,0.0,0.0,0.0,0.3,1.10
6.8,192.1,6.20,29.8,337,190.0,190.0,190.0,500.0,500.0,0.0,0.0,0.0,0.3,1.10
6.6,192.2,6.20,29.6,338,190.0,190.0,190.0,500.0,500.0,0.0,0.0,0.0,0.3,1.10
6.8,192.2,6.20,29.8,339,190.0,190.1,190.0,500.0,500.0,0.0,0.0,0.0,0.3,1.11
7.2,192.3,6.20,29.8,340,190.0,190.1,190.0,500.0,500.0,0.0,0.0,0.0,0.3,1.11
7.5,192.3,6.20,29.8,341,190.0,190.1,190.0,500.0,500.0,0.0,0.0,0.0,0.3,1.11
7.9,192.3,6.20,29.8,342,190.0,190.1,190.0,500.0,500.0,0.0,0.0,0.0,0.3,1.12
8.1,192.3,6.20,30.0,343,190.0,190.2,190.0,500.0,500.0,0.0,0.0,0.0,0.3,1.12
8.3,192.3,6.20,29.8,344,190.0,190.4,190.0,500.0,500.0,0.0,0.0,0.0,0.3,1.13
8.3,192.3,6.20,29.8,345,190.0,190.4,190.0,500.0,500.0,0.0,0.0,0.0,0.3,1.13
8.4,192.3,6.20,29.8,346,190.0,190.4,190.0,500.0,500.0,0.0,0.0,0.0,0.3,1.14
8.3,192.3,6.20,29.8,347,190.0,190.4,190.0,500.0,500.0,0.0,0.0,0.0,0.3,1.14
8.2,192.4,6.20,29.6,348,190.0,190.6,190.0,500.0,500.0,0.0,0.0,0.0,0.3,1.14
7.9,192.5,6.20,29.8,349,190.0,190.7,190.0,500.0,500.0,0.0,0.0,0.0,0.3,1.15
7.7,192.5,6.20,29.8,350,190.0,190.7,190.0,500.0,500.0,0.0,0.0,0.0,0.3,1.15
7.5,192.5,6.20,29.8,351,190.0,190.7,190.0,500.0,500.0,0.0,0.0,0.0,0.3,1.16
7.6,192.5,6.20,29.8,352,190.0,190.7,190.0,500.0,500.0,0.0,0.0,0.0,0.3,1.16
7.5,192.5,6.20,30.0,353,190.0,190.7,190.0,500.0,500.0,0.0,0.0,0.0,0.3,1.16
7.7,192.5,6.20,29.8,354,190.0,190.7,190.0,500.0,500.0,0.0,0.0,0.0,0.3,1.17
7.8,192.6,6.20,29.8,355,190.0,190.7,190.0,500.0,500.0,0.0,0.0,0.0,0.3,1.17
7.9,192.6,6.20,29.8,356,190.0,190.6,190.0,500.0,500.0,0.0,0.0,0.0,0.3,1.17
7.6,192.6,6.20,29.8,357,190.0,190.5,190.0,500.0,500.0,0.0,0.0,0.0,0.3,1.18
7.7,192.6,6.20,29.6,358,190.0,190.5,190.0,500.0,500.0,0.0,0.0,0.0,0.3,1.18
7.2,192.7,6.20,30.0,359,190.0,190.5,190.0,500.0,500.0,0.0,0.0,0.0,0.3,1.19
7.2,192.7,6.20,30.0,360,190.0,190.4,190.0,500.0,500.0,0.0,0.0,0.0,0.3,1.19
6.7,192.7,6.20,30.0,361,190.0,190.2,190.0,500.0,500.0,0.0,0.0,0.0,0.3,1.19
6.8,192.7,6.20,30.0,362,190.0,190.2,190.0,500.0,500.0,0.0,0.0,0.0,0.3,1.20
6.5,192.7,6.20,30.2,363,190.0,190.2,190.0,500.0,500.0,0.0,0.0,0.0,0.3,1.20
6.7,192.8,6.20,29.8,364,190.0,190.2,190.0,500.0,500.0,0.0,0.0,0.0,0.3,1.20
6.7,192.8,6.20,29.8,365,190.0,190.0,190.0,500.0,500.0,0.0,0.0,0.0,0.3,1.21
7.0,192.8,6.20,29.8,366,190.0,190.0,190.0,500.0,500.0,0.0,0.0,0.0,0.3,1.21
6.9,192.8,6.20,29.8,367,190.0,190.0,190.0,500.0,500.0,0.0,0.0,0.0,0.3,1.21
7.1,192.8,6.20,29.8,368,190.0,190.0,190.0,500.0,500.0,0.0,0.0,0.0,0.3,1.22
7.0,192.8,6.20,30.0,369,190.0,190.0,190.0,500.0,500.0,0.0,0.0,0.0,0.3,1.22
6.8,192.8,6.20,29.8,370,190.0,190.0,190.0,500.0,500.0,0.0,0.0,0.0,0.3,1.22
6.5,192.9,6.20,29.8,371,190.0,190.0,190.0,500.0,500.0,0.0,0.0,0.0,0.3,1.23
6.5,192.9,6.20,29.8,372,190.0,190.0,190.0,500.0,500.0,0.0,0.0,0.0,0.3,1.23
6.4,192.9,6.20,29.8,373,190.0,190.0,190.0,500.0,500.0,0.0,0.0,0.0,0.3,1.23
6.5,192.9,6.20,29.6,374,190.0,190.0,190.0,500.0,500.0,0.0,0.0,0.0,0.3,1.24
6.8,193.0,6.20,29.8,375,190.0,190.0,190.0,500.0,500.0,0.0,0.0,0.0,0.3,1.24
7.1,193.0,6.20,29.8,376,190.0,190.0,190.0,500.0,500.0,0.0,0.0,0.0,0.3,1.24
7.5,193.0,6.20,29.8,377,190.0,190.0,190.0,500.0,500.0,0.0,0.0,0.0,0.3,1.25
7.8,193.0,6.20,29.8,378,190.0,190.0,190.0,500.0,500.0,0.0,0.0,0.0,0.3,1.25
8.2,193.0,6.20,29.8,379,190.0,190.0,190.0,500.0,500.0,0.0,0.0,0.0,0.3,1.25
8.3,193.0,6.20,29.8,380,190.0,190.0,190.0,500.0,500.0,0.0,0.0,0.0,0.3,1.26
8.4,193.0,6.20,29.8,381,190.0,190.0,190.0,500.0,500.0,0.0,0.0,0.0,0.3,1.26
8.0,193.1,6.20,29.8,382,190.0,190.0,190.0,500.0,500.0,0.0,0.0,0.0,0.3,1.27
7.7,193.2,6.20,29.8,383,190.0,190.0,190.0,500.0,500.0,0.0,0.0,0.0,0.3,1.27
7.3,193.2,6.20,29.8,384,190.0,190.0,190.0,500.0,500.0,0.0,0.0,0.0,0.3,1.27
7.0,193.2,6.20,29.8,385,190.0,190.2,190.0,500.0,500.0,0.0,0.0,0.0,0.3,1.28
6.9,193.2,6.20,29.8,386,190.0,190.3,190.0,500.0,500.0,0.0,0.0,0.0,0.3,1.28
7.2,193.2,6.19,29.8,387,190.0,190.3,190.0,500.0,500.0,0.0,0.0,0.0,0.3,1.28
7.4,193.3,6.19,29.8,388,190.0,190.4,190.0,500.0,500.0,0.0,0.0,0.0,0.3,1.29
7.7,193.3,6.19,30.0,389,190.0,190.6,190.0,500.0,500.0,0.0,0.0,0.0,0.3,1.29
7.9,193.3,6.19,29.8,390,190.0,190.6,190.0,500.0,500.0,0.0,0.0,0.0,0.3,1.30
8.1,193.3,6.19,29.8,391,190.0,190.6,190.0,500.0,500.0,0.0,0.0,0.0,0.3,1.30
7.7,193.3,6.20,29.8,392,190.0,190.7,190.0,500.0,500.0,0.0,0.0,0.0,0.3,1.30
7.9,193.3,6.20,29.8,393,190.0,190.8,190.0,500.0,500.0,0.0,0.0,0.0,0.3,1.31
7.4,193.3,6.20,29.8,394,190.0,190.9,190.0,500.0,500.0,0.0,0.0,0.0,0.3,1.31
7.4,193.4,6.20,29.8,395,190.0,190.9,190.0,500.0,500.0,0.0,0.0,0.0,0.3,1.31
6.9,193.4,6.20,29.8,396,190.0,190.9,190.0,500.0,500.0,0.0,0.0,0.0,0.3,1.32
7.1,193.4,6.20,29.8,397,190.0,190.9,190.0,500.0,500.0,0.0,0.0,0.0,0.3,1.32
6.7,193.4,6.20,29.8,398,190.0,190.9,190.0,500.0,500.0,0.0,0.0,0.0,0.3,1.33
6.8,193.4,6.20,29.8,399,190.0,190.9,190.0,500.0,500.0,0.0,0.0,0.0,0.3,1.33
6.8,193.4,6.20,29.8,400,190.0,190.9,190.0,500.0,500.0,0.0,0.0,0.0,0.3,1.33
7.4,193.5,6.20,29.8,401,190.0,190.9,190.0,500.0,500.0,0.0,0.0,0.0,0.3,1.34
7.5,193.5,6.20,29.8,402,190.0,190.9,190.0,500.0,500.0,0.0,0.0,0.0,0.3,1.34
7.9,193.5,6.20,29.8,403,190.0,190.8,190.0,500.0,500.0,0.0,0.0,0.0,0.3,1.34
7.9,193.5,6.20,29.8,404,190.0,190.6,190.0,500.0,500.0,0.0,0.0,0.0,0.3,1.35
7.7,193.5,6.20,30.0,405,190.0,190.6,190.0,500.0,500.0,0.0,0.0,0.0,0.3,1.35
7.2,193.5,6.20,29.8,406,190.0,190.6,190.0,500.0,500.0,0.0,0.0,0.0,0.3,1.35
7.1,193.5,6.20,29.8,407,190.0,190.5,190.0,500.0,500.0,0.0,0.0,0.0,0.3,1.36
6.8,193.6,6.20,29.8,408,190.0,190.3,190.0,500.0,500.0,0.0,0.0,0.0,0.3,1.36
6.8,193.6,6.20,29.8,409,190.0,190.3,190.0,500.0,500.0,0.0,0.0,0.0,0.3,1.36
6.9,193.6,6.20,29.8,410,190.0,190.2,190.0,500.0,500.0,0.0,0.0,0.0,0.3,1.37
7.0,193.6,6.20,29.8,411,190.0,190.2,190.0,500.0,500.0,0.0,0.0,0.0,0.3,1.37
7.3,193.6,6.20,29.8,412,190.0,190.2,190.0,500.0,500.0,0.0,0.0,0.0,0.3,1.38
7.5,193.6,6.20,29.8,413,190.0,190.0,190.0,500.0,500.0,0.0,0.0,0.0,0.3,1.38
7.9,193.6,6.20,29.8,414,190.0,190.0,190.0,500.0,500.0,0.0,0.0,0.0,0.3,1.38
8.0,193.7,6.20,29.6,415,190.0,190.0,190.0,500.0,500.0,0.0,0.0,0.0,0.3,1.39
8.1,193.7,6.20,29.6,416,190.0,190.0,190.0,500.0,500.0,0.0,0.0,0.0,0.3,1.39
7.8,193.7,6.20,29.6,417,190.0,190.0,190.0,500.0,500.0,0.0,0.0,0.0,0.3,1.39
7.7,193.7,6.20,29.6,418,190.0,190.0,190.0,500.0,500.0,0.0,0.0,0.0,0.3,1.40
7.5,193.7,6.20,29.6,419,190.0,190.0,190.0,500.0,500.0,0.0,0.0,0.0,0.3,1.40
7.2,193.7,6.20,29.8,420,190.0,190.0,190.0,500.0,500.0,0.0,0.0,0.0,0.3,1.41
7.3,193.7,6.20,29.8,421,190.0,190.0,190.0,500.0,500.0,0.0,0.0,0.0,0.3,1.41
7.6,193.7,6.20,29.8,422,190.0,190.0,190.0,500.0,500.0,0.0,0.0,0.0,0.3,1.41
7.7,193.8,6.20,29.8,423,190.0,190.0,190.0,500.0,500.0,0.0,0.0,0.0,0.3,1.42
7.8,193.8,6.20,29.8,424,190.0,190.0,190.0,500.0,500.0,0.0,0.0,0.0,0.3,1.42
7.7,193.8,6.20,29.8,425,190.0,190.0,190.0,500.0,500.0,0.0,0.0,0.0,0.3,1.42
7.9,193.8,6.20,30.0,426,190.0,190.0,190.0,500.0,500.0,0.0,0.0,0.0,0.3,1.43
7.6,193.8,6.20,29.8,427,190.0,190.0,190.0,500.0,500.0,0.0,0.0,0.0,0.3,1.43
7.6,193.8,6.20,29.8,428,190.0,190.0,190.0,500.0,500.0,0.0,0.0,0.0,0.3,1.44
7.2,193.8,6.20,29.8,429,190.0,190.0,190.0,500.0,500.0,0.0,0.0,0.0,0.3,1.44
7.3,193.8,6.20,29.8,430,190.0,190.2,190.0,500.0,500.0,0.0,0.0,0.0,0.3,1.44
7.3,193.8,6.20,29.8,431,190.0,190.2,190.0,500.0,500.0,0.0,0.0,0.0,0.3,1.45
7.6,193.8,6.20,29.8,432,190.0,190.2,190.0,500.0,500.0,0.0,0.0,0.0,0.3,1.45
7.6,193.8,6.20,29.8,433,190.0,190.4,190.0,500.0,500.0,0.0,0.0,0.0,0.3,1.45
8.1,193.8,6.20,29.8,434,190.0,190.6,190.0,500.0,500.0,0.0,0.0,0.0,0.3,1.46
8.1,193.8,6.20,29.8,435,190.0,190.6,190.0,500.0,500.0,0.0,0.0,0.0,0.3,1.46
8.1,193.8,6.20,29.8,436,190.0,190.6,190.0,500.0,500.0,0.0,0.0,0.0,0.3,1.47
7.8,193.8,6.20,29.8,437,190.0,190.6,190.0,500.0,500.0,0.0,0.0,0.0,0.3,1.47
7.7,193.8,6.20,29.8,438,190.0,190.7,190.0,500.0,500.0,0.0,0.0,0.0,0.3,1.47
7.2,193.8,6.20,29.8,439,190.0,190.9,190.0,500.0,500.0,0.0,0.0,0.0,0.3,1.48
7.1,193.9,6.20,29.8,440,190.0,190.9,190.0,500.0,500.0,0.0,0.0,0.0,0.3,1.48
6.7,193.9,6.20,29.6,441,190.0,190.9,190.0,500.0,500.0,0.0,0.0,0.0,0.3,1.48
6.7,193.9,6.20,29.8,442,190.0,191.0,190.0,500.0,500.0,0.0,0.0,0.0,0.3,1.49
6.7,193.9,6.20,29.8,443,190.0,191.1,190.0,500.0,500.0,0.0,0.0,0.0,0.3,1.49
6.8,193.9,6.20,29.8,444,190.0,191.1,190.0,500.0,500.0,0.0,0.0,0.0,0.3,1.49
7.0,193.9,6.20,29.8,445,190.0,191.1,190.0,500.0,500.0,0.0,0.0,0.0,0.3,1.50
7.1,193.9,6.20,30.0,446,190.0,191.1,190.0,500.0,500.0,0.0,0.0,0.0,0.3,1.50
7.2,193.9,6.20,29.8,447,190.0,191.1,190.0,500.0,500.0,0.0,0.0,0.0,0.3,1.51
7.0,193.9,6.20,29.8,448,190.0,191.1,190.0,500.0,500.0,0.0,0.0,0.0,0.3,1.51
7.0,193.9,6.20,29.8,449,190.0,191.0,190.0,500.0,500.0,0.0,0.0,0.0,0.3,1.51
6.8,193.9,6.20,29.8,450,190.0,190.9,190.0,500.0,500.0,0.0,0.0,0.0,0.3,1.52
7.0,194.0,6.20,29.6,451,190.0,190.9,190.0,500.0,500.0,0.0,0.0,0.0,0.3,1.52
7.1,194.0,6.20,29.8,452,190.0,190.9,190.0,500.0,500.0,0.0,0.0,0.0,0.3,1.52
7.4,194.0,6.20,29.8,453,190.0,190.8,190.0,500.0,500.0,0.0,0.0,0.0,0.3,1.53
7.8,194.0,6.20,29.8,454,190.0,190.6,190.0,500.0,500.0,0.0,0.0,0.0,0.3,1.53
8.1,194.0,6.20,29.6,455,190.0,190.6,190.0,500.0,500.0,0.0,0.0,0.0,0.3,1.53
8.3,194.0,6.20,29.8,456,190.0,190.6,190.0,500.0,500.0,0.0,0.0,0.0,0.3,1.54
8.4,194.0,6.20,29.6,457,190.0,190.6,190.0,500.0,500.0,0.0,0.0,0.0,0.3,1.54
8.2,194.1,6.20,29.6,458,190.0,190.5,190.0,500.0,500.0,0.0,0.0,0.0,0.3,1.55
7.7,194.1,6.20,29.6,459,190.0,190.3,190.0,500.0,500.0,0.0,0.0,0.0,0.3,1.55
7.5,194.1,6.20,29.8,460,190.0,190.3,190.0,500.0,500.0,0.0,0.0,0.0,0.3,1.55
7.2,194.1,6.20,29.6,461,190.0,190.3,190.0,500.0,500.0,0.0,0.0,0.0,0.3,1.56
7.0,194.1,6.20,29.8,462,190.0,190.2,190.0,500.0,500.0,0.0,0.0,0.0,0.3,1.56
7.0,194.1,6.20,29.8,463,190.0,190.1,190.0,500.0,500.0,0.0,0.0,0.0,0.3,1.56
7.3,194.1,6.20,29.8,464,190.0,190.1,190.0,500.0,500.0,0.0,0.0,0.0,0.3,1.57
7.4,194.1,6.20,29.8,465,190.0,190.1,190.0,500.0,500.0,0.0,0.0,0.0,0.3,1.57
7.6,194.2,6.20,30.0,466,190.0,190.1,190.0,500.0,500.0,0.0,0.0,0.0,0.3,1.58
7.9,194.3,6.20,29.8,467,190.0,190.1,190.0,500.0,500.0,0.0,0.0,0.0,0.3,1.58
8.1,194.3,6.20,29.8,468,190.0,190.1,190.0,500.0,500.0,0.0,0.0,0.0,0.3,1.58
8.4,194.3,6.20,29.8,469,190.0,190.1,190.0,500.0,500.0,0.0,0.0,0.0,0.3,1.59
8.4,194.2,6.20,29.8,470,190.0,190.1,190.0,500.0,500.0,0.0,0.0,0.0,0.3,1.59
8.4,194.2,6.19,29.6,471,190.0,190.1,190.0,500.0,500.0,0.0,0.0,0.0,0.3,1.60
8.0,194.3,6.19,29.8,472,190.0,190.1,190.0,500.0,500.0,0.0,0.0,0.0,0.3,1.60
8.0,194.3,6.20,29.8,473,190.0,190.1,190.0,500.0,500.0,0.0,0.0,0.0,0.3,1.60
7.5,194.3,6.20,29.8,474,190.0,190.1,190.0,500.0,500.0,0.0,0.0,0.0,0.3,1.61
7.4,194.3,6.20,29.8,475,190.0,190.2,190.0,500.0,500.0,0.0,0.0,0.0,0.3,1.61
7.5,194.3,6.20,30.0,476,190.0,190.3,190.0,500.0,500.0,0.0,0.0,0.0,0.3,1.62
7.7,194.3,6.20,29.8,477,190.0,190.3,190.0,500.0,500.0,0.0,0.0,0.0,0.3,1.62
7.8,194.3,6.20,29.8,478,190.0,190.3,190.0,500.0,500.0,0.0,0.0,0.0,0.3,1.62
8.0,194.3,6.20,29.8,479,190.0,190.4,190.0,500.0,500.0,0.0,0.0,0.0,0.3,1.63
8.0,194.3,6.20,29.8,480,190.0,190.5,190.0,500.0,500.0,0.0,0.0,0.0,0.3,1.63
7.7,194.3,6.20,29.8,481,190.0,190.6,190.0,500.0,500.0,0.0,0.0,0.0,0.3,1.63
7.5,194.3,6.20,30.0,482,190.0,190.6,190.0,500.0,500.0,0.0,0.0,0.0,0.3,1.64
7.2,194.3,6.20,29.8,483,190.0,190.7,190.0,500.0,500.0,0.0,0.0,0.0,0.3,1.64
6.9,194.3,6.20,29.8,484,190.0,190.8,190.0,500.0,500.0,0.0,0.0,0.0,0.3,1.65
6.7,194.3,6.20,29.8,485,190.0,190.8,190.0,500.0,500.0,0.0,0.0,0.0,0.3,1.65
6.6,194.3,6.20,29.8,486,190.0,190.8,190.0,500.0,500.0,0.0,0.0,0.0,0.3,1.65
6.8,194.3,6.20,29.6,487,190.0,190.8,190.0,500.0,500.0,0.0,0.0,0.0,0.3,1.66
6.9,194.4,6.20,29.8,488,190.0,190.8,190.0,500.0,500.0,0.0,0.0,0.0,0.3,1.66
7.2,194.4,6.20,29.8,489,190.0,190.8,190.0,500.0,500.0,0.0,0.0,0.0,0.3,1.66
7.7,194.4,6.20,29.8,490,190.0,190.9,190.0,500.0,500.0,0.0,0.0,0.0,0.3,1.67
7.9,194.4,6.20,29.8,491,190.0,190.9,190.0,500.0,500.0,0.0,0.0,0.0,0.3,1.67
7.9,194.4,6.20,30.0,492,190.0,190.9,190.0,500.0,500.0,0.0,0.0,0.0,0.3,1.67
7.8,194.4,6.20,29.8,493,190.0,190.9,190.0,500.0,500.0,0.0,0.0,0.0,0.3,1.68
7.6,194.4,6.20,29.8,494,190.0,190.8,190.0,500.0,500.0,0.0,0.0,0.0,0.3,1.68
7.3,194.4,6.20,29.8,495,190.0,190.7,190.0,500.0,500.0,0.0,0.0,0.0,0.3,1.69
7.0,194.4,6.20,29.8,496,190.0,190.7,190.0,500.0,500.0,0.0,0.0,0.0,0.3,1.69
7.0,194.4,6.20,29.6,497,190.0,190.7,190.0,500.0,500.0,0.0,0.0,0.0,0.3,1.69
7.1,194.4,6.20,29.8,498,190.0,190.7,190.0,500.0,500.0,0.0,0.0,0.0,0.3,1.70
7.4,194.5,6.20,29.8,499,190.0,190.5,190.0,500.0,500.0,0.0,0.0,0.0,0.3,1.70
7.5,194.5,6.20,29.8,500,190.0,190.4,190.0,500.0,500.0,0.0,0.0,0.0,0.3,1.70
7.8,194.5,6.20,29.8,501,190.0,190.4,190.0,500.0,500.0,0.0,0.0,0.0,0.3,1.71
8.0,194.5,6.20,30.0,502,190.0,190.4,190.0,500.0,500.0,0.0,0.0,0.0,0.3,1.71
8.1,194.5,6.20,30.0,503,190.0,190.2,190.0,500.0,500.0,0.0,0.0,0.0,0.3,1.72
8.3,194.5,6.20,30.0,504,190.0,190.0,190.0,500.0,500.0,0.0,0.0,0.0,0.3,1.72
8.2,194.5,6.20,30.0,505,190.0,190.0,190.0,500.0,500.0,0.0,0.0,0.0,0.3,1.72
8.3,194.5,6.20,30.0,506,190.0,190.0,190.0,500.0,500.0,0.0,0.0,0.0,0.3,1.73
8.2,194.5,6.20,29.8,507,190.0,190.0,190.0,500.0,500.0,0.0,0.0,0.0,0.3,1.73
8.2,194.5,6.20,29.8,508,190.0,190.0,190.0,500.0,500.0,0.0,0.0,0.0,0.3,1.74
7.8,194.6,6.20,29.8,509,190.0,190.0,190.0,500.0,500.0,0.0,0.0,0.0,0.3,1.74
8.0,194.6,6.20,29.8,510,190.0,190.0,190.0,500.0,500.0,0.0,0.0,0.0,0.3,1.74
8.0,194.6,6.20,29.8,511,190.0,190.0,190.0,500.0,500.0,0.0,0.0,0.0,0.3,1.75
8.2,194.6,6.20,30.0,512,190.0,190.0,190.0,500.0,500.0,0.0,0.0,0.0,0.3,1.75
8.3,194.6,6.20,29.8,513,190.0,190.0,190.0,500.0,500.0,0.0,0.0,0.0,0.3,1.76
8.7,194.6,6.20,29.8,514,190.0,190.0,190.0,500.0,500.0,0.0,0.0,0.0,0.3,1.76
8.6,194.6,6.20,29.8,515,190.0,190.0,190.0,500.0,500.0,0.0,0.0,0.0,0.3,1.76
8.4,194.6,6.20,29.8,516,190.0,190.0,190.0,500.0,500.0,0.0,0.0,0.0,0.3,1.77
8.3,194.6,6.20,29.6,517,190.0,190.0,190.0,500.0,500.0,0.0,0.0,0.0,0.3,1.77
8.0,194.6,6.20,29.8,518,190.0,190.0,190.0,500.0,500.0,0.0,0.0,0.0,0.3,1.78
7.7,194.6,6.20,29.8,519,190.0,190.0,190.0,500.0,500.0,0.0,0.0,0.0,0.3,1.78
7.4,194.6,6.20,29.8,520,190.0,190.0,190.0,500.0,500.0,0.0,0.0,0.0,0.3,1.78
7.3,194.6,6.20,29.8,521,190.0,190.0,190.0,500.0,500.0,0.0,0.0,0.0,0.3,1.79
7.1,194.6,6.20,29.8,522,190.0,190.0,190.0,500.0,500.0,0.0,0.0,0.0,0.3,1.79
6.9,194.6,6.20,29.8,523,190.0,190.0,190.0,500.0,500.0,0.0,0.0,0.0,0.3,1.79
7.0,194.6,6.20,29.8,524,190.0,190.0,190.0,500.0,500.0,0.0,0.0,0.0,0.3,1.80
7.2,194.6,6.20,29.8,525,190.0,190.0,190.0,500.0,500.0,0.0,0.0,0.0,0.3,1.80
7.4,194.7,6.20,29.8,526,190.0,190.0,190.0,500.0,500.0,0.0,0.0,0.0,0.3,1.81
7.8,194.7,6.19,30.0,527,190.0,190.0,190.0,500.0,500.0,0.0,0.0,0.0,0.3,1.81
7.8,194.7,6.19,29.8,528,190.0,190.0,190.0,500.0,500.0,0.0,0.0,0.0,0.3,1.81
7.8,194.7,6.19,29.8,529,190.0,190.0,190.0,500.0,500.0,0.0,0.0,0.0,0.3,1.82
7.7,194.7,6.19,29.8,530,190.0,190.1,190.0,500.0,500.0,0.0,0.0,0.0,0.3,1.82
7.4,194.7,6.19,29.8,531,190.0,190.3,190.0,500.0,500.0,0.0,0.0,0.0,0.3,1.82
7.1,194.7,6.20,29.8,532,190.0,190.3,190.0,500.0,500.0,0.0,0.0,0.0,0.3,1.83
7.1,194.7,6.19,29.8,533,190.0,190.3,190.0,500.0,500.0,0.0,0.0,0.0,0.3,1.83
7.2,194.7,6.20,29.8,534,190.0,190.3,190.0,500.0,500.0,0.0,0.0,0.0,0.3,1.84
7.1,194.7,6.20,29.8,535,190.0,190.4,190.0,500.0,500.0,0.0,0.0,0.0,0.3,1.84
7.3,194.7,6.20,29.8,536,190.0,190.4,190.0,500.0,500.0,0.0,0.0,0.0,0.3,1.84
7.4,194.7,6.20,29.8,537,190.0,190.4,190.0,500.0,500.0,0.0,0.0,0.0,0.3,1.85
7.7,194.7,6.20,29.8,538,190.0,190.4,190.0,500.0,500.0,0.0,0.0,0.0,0.3,1.85
7.8,194.8,6.20,29.8,539,190.0,190.4,190.0,500.0,500.0,0.0,0.0,0.0,0.3,1.85
8.1,194.8,6.20,29.8,540,190.0,190.4,190.0,500.0,500.0,0.0,0.0,0.0,0.3,1.86
8.3,194.8,6.20,29.8,541,190.0,190.4,190.0,500.0,500.0,0.0,0.0,0.0,0.3,1.86
8.4,194.8,6.20,29.8,542,190.0,190.4,190.0,500.0,500.0,0.0,0.0,0.0,0.3,1.87
8.6,194.8,6.20,30.2,543,190.0,190.3,190.0,500.0,500.0,0.0,0.0,0.0,0.3,1.87
8.3,194.8,6.20,30.0,544,190.0,190.2,190.0,500.0,500.0,0.0,0.0,0.0,0.3,1.87
8.2,194.8,6.20,30.0,545,190.0,190.2,190.0,500.0,500.0,0.0,0.0,0.0,0.3,1.88
8.2,194.8,6.20,30.0,546,190.0,190.0,190.0,500.0,500.0,0.0,0.0,0.0,0.3,1.88
8.1,194.8,6.20,30.0,547,190.0,190.0,190.0,500.0,500.0,0.0,0.0,0.0,0.3,1.89
8.2,194.8,6.20,29.8,548,190.0,190.0,190.0,500.0,500.0,0.0,0.0,0.0,0.3,1.89
8.4,194.8,6.20,29.8,549,190.0,190.0,190.0,500.0,500.0,0.0,0.0,0.0,0.3,1.89
8.6,194.8,6.20,29.8,550,190.0,190.0,190.0,500.0,500.0,0.0,0.0,0.0,0.3,1.90
8.6,194.8,6.20,29.8,551,190.0,190.0,190.0,500.0,500.0,0.0,0.0,0.0,0.3,1.90
8.7,194.8,6.20,29.8,552,190.0,190.0,190.0,500.0,500.0,0.0,0.0,0.0,0.3,1.91
8.5,194.8,6.19,29.8,553,190.0,190.0,190.0,500.0,500.0,0.0,0.0,0.0,0.3,1.91
8.4,194.8,6.19,29.8,554,190.0,190.0,190.0,500.0,500.0,0.0,0.0,0.0,0.3,1.92
8.2,194.8,6.20,29.8,555,190.0,190.0,190.0,500.0,500.0,0.0,0.0,0.0,0.3,1.92
8.1,194.9,6.19,29.8,556,190.0,190.0,190.0,500.0,500.0,0.0,0.0,0.0,0.3,1.92
7.7,194.9,6.19,29.8,557,190.0,190.0,190.0,500.0,500.0,0.0,0.0,0.0,0.3,1.93
7.6,194.9,6.20,29.6,558,190.0,190.0,190.0,500.0,500.0,0.0,0.0,0.0,0.3,1.93
7.3,194.9,6.20,29.8,559,190.0,190.0,190.0,500.0,500.0,0.0,0.0,0.0,0.3,1.94
7.3,194.9,6.20,29.8,560,190.0,190.0,190.0,500.0,500.0,0.0,0.0,0.0,0.3,1.94
7.2,194.9,6.20,29.8,561,190.0,190.0,190.0,500.0,500.0,0.0,0.0,0.0,0.3,1.94
7.4,195.0,6.20,29.8,562,190.0,190.0,190.0,500.0,500.0,0.0,0.0,0.0,0.3,1.95
7.5,195.0,6.20,30.0,563,190.0,190.0,190.0,500.0,500.0,0.0,0.0,0.0,0.3,1.95
7.8,195.0,6.19,29.8,564,190.0,190.0,190.0,500.0,500.0,0.0,0.0,0.0,0.3,1.95
7.8,195.0,6.19,29.8,565,190.0,190.0,190.0,500.0,500.0,0.0,0.0,0.0,0.3,1.96
7.8,195.0,6.20,29.8,566,190.0,190.0,190.0,500.0,500.0,0.0,0.0,0.0,0.3,1.96
7.5,195.0,6.20,29.8,567,190.0,190.0,190.0,500.0,500.0,0.0,0.0,0.0,0.3,1.97
7.4,195.0,6.20,29.6,568,190.0,190.0,190.0,500.0,500.0,0.0,0.0,0.0,0.3,1.97
7.1,195.0,6.20,30.0,569,190.0,190.0,190.0,500.0,500.0,0.0,0.0,0.0,0.3,1.97
7.1,195.0,6.20,29.8,570,190.0,190.0,190.0,500.0,500.0,0.0,0.0,0.0,0.3,1.98
7.2,195.0,6.20,29.8,571,190.0,190.0,190.0,500.0,500.0,0.0,0.0,0.0,0.3,1.98
7.4,195.0,6.20,29.8,572,190.0,190.0,190.0,500.0,500.0,0.0,0.0,0.0,0.3,1.98
7.6,194.9,6.20,30.0,573,190.0,190.0,190.0,500.0,500.0,0.0,0.0,0.0,0.3,1.99
8.0,194.9,6.20,29.6,574,190.0,190.0,190.0,500.0,500.0,0.0,0.0,0.0,0.3,1.99
8.2,194.9,6.20,29.8,575,190.0,190.0,190.0,500.0,500.0,0.0,0.0,0.0,0.3,2.00
8.5,194.9,6.20,29.8,576,190.0,190.0,190.0,500.0,500.0,0.0,0.0,0.0,0.3,2.00
8.5,194.9,6.20,29.8,577,190.0,190.0,190.0,500.0,500.0,0.0,0.0,0.0,0.3,2.00
8.3,195.0,6.20,29.8,578,190.0,190.0,190.0,500.0,500.0,0.0,0.0,0.0,0.3,2.01
7.9,195.0,6.20,30.0,579,190.0,190.0,190.0,500.0,500.0,0.0,0.0,0.0,0.3,2.01
7.8,195.0,6.20,29.8,580,190.0,190.1,190.0,500.0,500.0,0.0,0.0,0.0,0.3,2.02
7.6,194.9,6.20,29.8,581,190.0,190.1,190.0,500.0,500.0,0.0,0.0,0.0,0.3,2.02
7.7,194.9,6.20,29.8,582,190.0,190.1,190.0,500.0,500.0,0.0,0.0,0.0,0.3,2.02
8.1,195.0,6.20,29.8,583,190.0,190.2,190.0,500.0,500.0,0.0,0.0,0.0,0.3,2.03
8.4,195.0,6.20,29.6,584,190.0,190.3,190.0,500.0,500.0,0.0,0.0,0.0,0.3,2.03
8.8,195.0,6.20,29.8,585,190.0,190.3,190.0,500.0,500.0,0.0,0.0,0.0,0.3,2.04
9.0,195.0,6.20,29.8,586,190.0,190.3,190.0,500.0,500.0,0.0,0.0,0.0,0.3,2.04
8.9,195.0,6.20,29.8,587,190.0,190.3,190.0,500.0,500.0,0.0,0.0,0.0,0.3,2.04
8.7,195.0,6.20,29.8,588,190.0,190.2,190.0,500.0,500.0,0.0,0.0,0.0,0.3,2.05
8.6,195.0,6.20,30.0,589,190.0,190.2,190.0,500.0,500.0,0.0,0.0,0.0,0.3,2.05
8.3,195.0,6.20,29.8,590,190.0,190.2,190.0,500.0,500.0,0.0,0.0,0.0,0.3,2.06
8.0,195.0,6.20,29.8,591,190.0,190.2,190.0,500.0,500.0,0.0,0.0,0.0,0.3,2.06
8.1,195.0,6.20,29.8,592,190.0,190.1,190.0,500.0,500.0,0.0,0.0,0.0,0.3,2.07
8.2,195.0,6.20,29.8,593,190.0,190.0,190.0,500.0,500.0,0.0,0.0,0.0,0.3,2.07
8.0,195.0,6.20,29.6,594,190.0,190.0,190.0,500.0,500.0,0.0,0.0,0.0,0.3,2.07
8.2,195.0,6.20,29.8,595,190.0,190.0,190.0,500.0,500.0,0.0,0.0,0.0,0.3,2.08
8.2,195.0,6.20,29.8,596,190.0,190.0,190.0,500.0,500.0,0.0,0.0,0.0,0.3,2.08
8.2,195.0,6.20,29.8,597,190.0,190.0,190.0,500.0,500.0,0.0,0.0,0.0,0.3,2.09
7.8,195.0,6.20,29.8,598,190.0,190.0,190.0,500.0,500.0,0.0,0.0,0.0,0.3,2.09
7.8,195.0,6.20,30.0,599,190.0,190.0,190.0,500.0,500.0,0.0,0.0,0.0,0.4,2.09
